# input_vector shift_positions expected_result
-231 8 -1
98 8 0
486 7 3
-64 8 -1
163 10 0
270 15 0
-85 12 -1
-103 1 -52
503 13 0
415 10 0
-326 9 -1
184 9 0
88 15 0
337 5 10
-221 2 -56
22 5 0
384 10 0
-437 7 -4
-487 6 -8
32 1 16
-43 12 -1
-470 3 -59
-233 7 -2
-15 1 -8
-86 8 -1
267 10 0
-150 8 -1
-23 4 -2
-480 11 -1
481 9 0
-31 14 -1
184 7 1
346 7 2
283 15 0
234 9 0
-474 14 -1
458 15 0
432 5 13
-70 6 -2
479 13 0
76 2 19
-393 11 -1
404 4 25
436 15 0
-185 15 -1
504 10 0
197 9 0
112 6 1
49 13 0
-422 15 -1
-313 10 -1
142 7 1
308 7 2
307 3 38
368 6 5
137 8 0
381 14 0
-312 3 -39
183 8 0
2 10 0
-242 7 -2
190 5 5
-255 13 -1
89 12 0
76 2 19
442 13 0
-319 4 -20
-261 3 -33
-148 15 -1
-10 9 -1
49 3 6
-123 4 -8
169 6 2
142 4 8
-147 13 -1
363 5 11
-336 9 -1
-435 1 -218
-471 11 -1
-135 5 -5
433 8 1
185 8 0
175 14 0
-355 4 -23
-439 15 -1
275 8 1
-188 4 -12
-277 7 -3
402 13 0
-398 7 -4
-27 5 -1
247 1 123
-35 7 -1
-453 7 -4
-208 7 -2
364 1 182
-344 3 -43
-48 7 -1
233 11 0
-487 2 -122
-170 13 -1
55 2 13
489 11 0
47 14 0
-437 6 -7
-46 11 -1
-360 13 -1
-86 8 -1
-488 10 -1
9 6 0
483 1 241
291 13 0
-142 6 -3
414 6 6
-151 14 -1
377 7 2
-93 10 -1
39 2 9
292 1 146
471 7 3
123 14 0
-215 15 -1
-128 6 -2
285 14 0
-419 7 -4
87 6 1
-291 5 -10
238 10 0
36 15 0
230 6 3
265 5 8
136 13 0
15 6 0
-179 7 -2
-181 5 -6
177 10 0
-234 2 -59
311 2 77
98 15 0
-324 8 -2
-293 9 -1
-192 2 -48
-499 1 -250
214 9 0
-439 1 -220
-121 10 -1
-158 7 -2
184 11 0
-373 14 -1
118 10 0
-86 14 -1
-23 5 -1
-331 13 -1
386 2 96
-434 4 -28
-128 14 -1
451 11 0
-265 8 -2
287 12 0
-198 7 -2
482 10 0
-436 5 -14
-191 4 -12
427 12 0
-118 14 -1
-23 2 -6
-18 15 -1
194 10 0
183 10 0
354 2 88
38 7 0
-144 9 -1
-186 8 -1
195 7 1
-226 4 -15
-168 13 -1
511 8 1
355 14 0
103 14 0
95 9 0
94 3 11
124 2 31
-504 14 -1
-138 10 -1
358 2 89
-187 10 -1
466 5 14
183 13 0
60 4 3
135 4 8
317 2 79
-484 8 -2
390 1 195
-27 2 -7
-59 10 -1
467 8 1
-34 4 -3
249 1 124
331 6 5
-436 1 -218
-5 14 -1
-485 8 -2
-381 11 -1
-292 6 -5
-134 11 -1
-432 11 -1
-401 1 -201
86 5 2
-21 10 -1
-106 1 -53
228 7 1
151 9 0
-510 10 -1
18 2 4
180 12 0
-19 3 -3
-184 15 -1
-115 6 -2
-419 11 -1
-16 15 -1
-124 3 -16
387 5 12
109 11 0
99 12 0
-410 14 -1
422 1 211
259 14 0
-208 9 -1
130 3 16
-220 7 -2
-318 11 -1
-300 12 -1
-457 9 -1
253 1 126
427 13 0
62 5 1
-422 6 -7
449 15 0
-309 14 -1
103 15 0
167 12 0
179 14 0
208 13 0
301 2 75
-296 9 -1
-338 14 -1
-90 7 -1
395 15 0
229 6 3
-310 2 -78
179 5 5
-403 13 -1
-172 6 -3
456 4 28
238 5 7
334 15 0
-240 14 -1
-156 7 -2
-184 11 -1
51 6 0
-353 3 -45
481 9 0
-98 7 -1
150 15 0
264 12 0
96 12 0
453 12 0
165 14 0
173 15 0
356 9 0
22 14 0
-452 13 -1
482 13 0
-330 1 -165
-365 9 -1
114 4 7
47 11 0
12 12 0
236 13 0
85 14 0
283 15 0
211 13 0
-175 15 -1
99 8 0
149 4 9
404 4 25
-8 5 -1
326 6 5
391 3 48
-360 4 -23
52 10 0
491 8 1
47 12 0
-225 4 -15
170 4 10
-100 7 -1
-495 11 -1
143 11 0
-172 9 -1
331 12 0
-57 5 -2
-338 13 -1
-150 12 -1
-481 10 -1
154 5 4
200 10 0
-499 13 -1
-333 13 -1
294 3 36
88 13 0
506 3 63
94 8 0
-340 9 -1
42 3 5
320 11 0
85 9 0
-484 8 -2
-269 1 -135
204 5 6
182 6 2
53 1 26
-108 13 -1
390 9 0
102 8 0
-110 8 -1
402 10 0
301 3 37
329 14 0
175 13 0
-485 2 -122
-16 15 -1
321 4 20
390 15 0
304 9 0
510 15 0
181 14 0
212 7 1
54 7 0
-284 1 -142
288 1 144
-320 14 -1
-285 6 -5
-248 11 -1
222 15 0
-348 15 -1
-4 15 -1
-224 5 -7
-503 13 -1
-137 5 -5
183 12 0
272 2 68
247 9 0
148 3 18
-418 6 -7
-203 6 -4
-302 3 -38
29 13 0
-48 11 -1
-437 1 -219
319 14 0
412 4 25
222 12 0
-119 8 -1
-355 13 -1
123 8 0
-350 1 -175
-70 7 -1
448 1 224
452 1 226
-290 15 -1
-120 5 -4
-120 8 -1
-405 13 -1
98 12 0
155 5 4
-160 14 -1
278 4 17
354 13 0
291 7 2
-1 5 -1
-83 11 -1
387 5 12
-454 11 -1
121 15 0
-126 6 -2
81 3 10
-354 7 -3
-120 8 -1
81 2 20
452 10 0
174 1 87
-325 13 -1
-313 4 -20
-464 9 -1
391 1 195
15 1 7
48 4 3
187 13 0
449 5 14
-284 12 -1
-144 4 -9
-211 5 -7
-242 4 -16
-117 4 -8
-324 2 -81
-287 5 -9
136 12 0
219 13 0
135 8 0
-27 11 -1
-226 10 -1
208 8 0
-54 4 -4
132 15 0
197 9 0
-310 10 -1
27 11 0
-284 5 -9
333 6 5
28 4 1
-456 14 -1
334 8 1
237 14 0
-110 10 -1
296 1 148
417 6 6
54 5 1
-391 14 -1
135 6 2
388 8 1
-39 11 -1
430 10 0
335 10 0
371 9 0
-494 2 -124
-450 2 -113
-155 3 -20
309 13 0
311 2 77
-219 12 -1
-180 15 -1
-317 2 -80
-425 2 -107
-179 12 -1
337 8 1
175 11 0
454 4 28
228 13 0
446 8 1
-87 4 -6
-508 9 -1
231 11 0
-363 12 -1
8 2 2
79 10 0
433 6 6
214 3 26
-349 11 -1
492 2 123
197 1 98
-394 10 -1
-160 2 -40
246 15 0
411 3 51
321 13 0
-23 4 -2
312 5 9
227 9 0
327 15 0
-192 1 -96
59 6 0
106 1 53
-474 15 -1
262 7 2
463 11 0
-449 1 -225
-187 1 -94
417 8 1
422 12 0
32 8 0
-445 1 -223
-416 11 -1
-368 6 -6
-171 11 -1
15 4 0
-456 1 -228
-131 12 -1
-104 13 -1
-398 15 -1
-383 6 -6
-479 5 -15
171 12 0
-441 13 -1
404 12 0
-288 2 -72
-91 15 -1
-408 8 -2
-388 15 -1
87 12 0
342 3 42
-74 3 -10
-282 15 -1
-179 12 -1
492 7 3
-508 15 -1
-99 13 -1
-246 13 -1
-92 10 -1
-454 13 -1
358 8 1
246 4 15
-93 10 -1
-371 9 -1
-106 4 -7
-360 13 -1
15 15 0
426 6 6
-286 6 -5
508 8 1
26 5 0
-305 1 -153
-435 13 -1
-61 3 -8
-66 5 -3
-22 15 -1
135 1 67
-31 5 -1
-145 13 -1
-361 13 -1
-130 2 -33
-220 14 -1
164 4 10
268 2 67
433 3 54
322 7 2
-182 5 -6
140 14 0
229 13 0
-208 9 -1
-27 8 -1
211 15 0
-449 6 -8
319 9 0
147 4 9
-400 10 -1
-205 5 -7
-287 2 -72
-57 6 -1
-419 7 -4
-212 15 -1
240 7 1
318 3 39
227 4 14
-295 10 -1
-420 5 -14
448 10 0
230 4 14
283 7 2
256 15 0
363 3 45
-235 4 -15
-348 3 -44
-377 7 -3
-3 2 -1
-483 15 -1
276 5 8
225 6 3
324 4 20
-163 3 -21
-77 12 -1
-297 11 -1
436 7 3
467 1 233
508 10 0
-306 15 -1
353 3 44
-392 9 -1
-239 12 -1
-427 4 -27
55 11 0
154 4 9
94 12 0
-410 12 -1
-500 15 -1
-22 7 -1
159 14 0
-205 10 -1
-146 6 -3
-51 5 -2
-179 12 -1
-242 1 -121
86 6 1
-472 9 -1
-67 8 -1
321 10 0
260 5 8
-331 11 -1
-91 8 -1
-350 13 -1
54 11 0
-49 1 -25
502 15 0
92 5 2
-50 6 -1
417 11 0
305 2 76
430 1 215
79 8 0
-111 5 -4
-161 13 -1
36 7 0
-383 1 -192
-71 5 -3
-416 8 -2
-491 15 -1
-384 9 -1
244 9 0
81 6 1
-161 11 -1
65 7 0
-447 7 -4
411 7 3
471 1 235
-99 7 -1
-362 6 -6
-429 11 -1
-17 12 -1
434 2 108
-450 4 -29
395 8 1
505 5 15
-502 9 -1
30 10 0
244 6 3
-477 14 -1
-315 15 -1
-28 11 -1
417 7 3
69 12 0
368 12 0
-401 13 -1
-463 5 -15
-67 14 -1
258 15 0
310 14 0
-317 10 -1
37 8 0
351 3 43
-203 7 -2
129 9 0
-390 4 -25
-160 10 -1
218 14 0
204 1 102
331 6 5
-164 15 -1
255 7 1
158 13 0
483 13 0
-151 11 -1
145 5 4
229 9 0
-114 12 -1
-466 7 -4
-116 9 -1
-290 6 -5
-288 3 -36
-401 8 -2
-477 14 -1
81 10 0
151 8 0
-343 7 -3
435 8 1
-227 10 -1
-118 5 -4
365 14 0
-143 12 -1
408 11 0
80 7 0
-237 6 -4
488 9 0
146 9 0
27 9 0
-321 6 -6
309 9 0
285 3 35
133 4 8
-437 10 -1
105 11 0
423 13 0
72 13 0
-319 2 -80
201 9 0
-271 9 -1
215 12 0
-337 13 -1
-64 6 -1
451 9 0
-71 3 -9
46 11 0
-120 11 -1
356 13 0
-458 14 -1
-286 1 -143
-331 8 -2
-201 15 -1
-200 14 -1
46 5 1
-381 1 -191
311 1 155
28 15 0
-194 3 -25
278 1 139
395 9 0
-295 1 -148
230 9 0
-121 5 -4
496 11 0
259 4 16
-452 11 -1
-322 13 -1
-366 15 -1
31 4 1
-278 8 -2
-284 10 -1
280 1 140
375 15 0
-489 12 -1
-197 15 -1
-51 11 -1
389 1 194
53 14 0
143 7 1
321 5 10
-232 10 -1
-18 8 -1
465 10 0
-512 4 -32
342 8 1
477 15 0
-233 7 -2
134 14 0
-147 14 -1
402 3 50
-243 4 -16
460 2 115
475 2 118
-217 1 -109
200 12 0
163 12 0
-495 6 -8
-173 13 -1
-186 4 -12
191 1 95
253 10 0
-285 12 -1
-338 10 -1
-465 7 -4
21 9 0
451 7 3
317 3 39
-167 6 -3
226 6 3
200 10 0
-105 13 -1
-310 5 -10
-304 4 -19
-252 7 -2
-241 10 -1
-141 2 -36
126 4 7
-126 1 -63
194 1 97
-384 10 -1
-406 2 -102
334 6 5
169 11 0
-380 1 -190
100 5 3
-63 13 -1
507 13 0
30 13 0
218 10 0
-416 4 -26
-78 3 -10
-65 12 -1
161 13 0
154 11 0
228 15 0
-149 13 -1
136 13 0
146 6 2
-445 13 -1
-43 10 -1
-124 12 -1
415 4 25
-378 12 -1
-139 1 -70
316 10 0
-75 6 -2
-446 12 -1
62 10 0
426 4 26
495 5 15
161 12 0
-506 11 -1
-222 7 -2
372 8 1
210 14 0
304 10 0
50 15 0
13 11 0
187 14 0
24 14 0
-359 4 -23
3 14 0
452 3 56
-185 5 -6
174 2 43
-177 5 -6
-14 7 -1
-244 7 -2
-439 10 -1
-232 7 -2
405 11 0
-104 10 -1
201 11 0
316 10 0
227 13 0
21 14 0
315 1 157
-304 5 -10
394 11 0
35 4 2
120 3 15
-77 9 -1
-233 4 -15
-366 5 -12
109 10 0
305 14 0
-170 10 -1
168 6 2
276 15 0
50 4 3
-135 14 -1
-41 12 -1
278 3 34
299 14 0
236 3 29
-263 2 -66
143 4 8
280 14 0
372 6 5
81 12 0
316 5 9
-163 4 -11
477 4 29
-339 7 -3
86 12 0
187 15 0
-486 14 -1
-492 13 -1
407 2 101
-194 9 -1
-114 5 -4
-296 1 -148
327 4 20
-505 7 -4
-229 3 -29
368 8 1
113 12 0
-300 6 -5
322 7 2
304 10 0
-187 13 -1
457 7 3
161 6 2
-45 4 -3
-341 3 -43
-423 2 -106
-136 3 -17
-287 7 -3
-145 12 -1
196 10 0
125 15 0
-238 11 -1
325 14 0
138 8 0
299 9 0
255 1 127
-331 10 -1
382 2 95
468 2 117
-357 6 -6
102 10 0
-454 14 -1
483 2 120
382 1 191
-417 10 -1
-186 14 -1
402 15 0
221 7 1
42 15 0
375 14 0
236 8 0
134 15 0
-395 5 -13
26 5 0
-257 1 -129
-90 15 -1
435 12 0
164 7 1
251 12 0
-83 1 -42
225 11 0
238 13 0
283 5 8
-300 13 -1
56 13 0
-498 11 -1
-349 2 -88
137 7 1
478 9 0
-499 12 -1
-50 13 -1
-251 12 -1
393 14 0
473 12 0
299 8 1
-162 6 -3
144 14 0
50 10 0
423 7 3
406 4 25
-181 3 -23
-77 11 -1
-35 6 -1
-490 3 -62
185 13 0
-67 10 -1
-356 14 -1
418 12 0
-319 13 -1
-112 7 -1
-215 7 -2
45 10 0
-307 6 -5
-279 14 -1
162 3 20
209 1 104
-19 15 -1
-91 13 -1
-219 9 -1
-222 2 -56
-190 9 -1
-219 4 -14
-417 5 -14
202 15 0
273 2 68
-422 15 -1
50 7 0
289 9 0
-184 9 -1
411 5 12
-415 4 -26
-484 13 -1
278 5 8
216 1 108
-90 9 -1
440 12 0
268 5 8
-398 8 -2
377 9 0
7 15 0
329 5 10
-92 15 -1
233 1 116
433 11 0
78 13 0
-280 13 -1
211 3 26
395 3 49
316 13 0
-63 10 -1
387 14 0
-112 7 -1
-427 5 -14
-2 13 -1
58 2 14
-408 7 -4
226 7 1
-83 15 -1
-392 2 -98
-69 6 -2
-23 8 -1
-235 12 -1
452 14 0
-49 14 -1
-27 7 -1
117 15 0
165 3 20
-11 5 -1
61 2 15
494 5 15
-437 11 -1
249 5 7
137 5 4
428 9 0
-117 4 -8
228 1 114
54 13 0
-293 6 -5
456 5 14
-137 12 -1
115 15 0
273 5 8
-391 4 -25
220 14 0
-345 2 -87
27 1 13
498 8 1
-487 14 -1
280 12 0
468 10 0
-232 5 -8
-463 12 -1
-289 4 -19
433 8 1
389 2 97
-264 2 -66
-134 5 -5
464 7 3
-356 8 -2
-396 15 -1
309 4 19
193 2 48
408 4 25
436 8 1
387 9 0
188 13 0
-497 10 -1
-264 14 -1
-508 2 -127
-39 10 -1
-488 3 -61
-89 10 -1
-347 7 -3
289 15 0
108 2 27
-156 4 -10
157 6 2
-195 1 -98
-42 10 -1
-58 1 -29
490 5 15
-229 11 -1
198 1 99
-92 6 -2
41 8 0
-90 5 -3
-171 10 -1
-243 10 -1
332 10 0
486 11 0
163 9 0
-241 13 -1
-189 11 -1
-259 15 -1
-507 2 -127
379 14 0
-86 7 -1
-228 1 -114
455 13 0
242 11 0
343 3 42
-465 12 -1
-29 12 -1
156 12 0
-277 12 -1
-489 4 -31
-360 4 -23
-344 5 -11
-127 13 -1
19 13 0
389 1 194
-55 5 -2
-339 12 -1
-389 7 -4
-217 10 -1
189 3 23
-207 11 -1
-78 15 -1
235 3 29
396 8 1
28 5 0
-101 2 -26
-11 10 -1
-306 13 -1
1 10 0
478 5 14
80 5 2
311 8 1
-134 11 -1
-256 9 -1
391 12 0
-141 2 -36
-139 10 -1
-349 4 -22
-150 2 -38
-499 10 -1
482 13 0
209 5 6
31 2 7
-450 5 -15
-340 2 -85
-421 10 -1
452 3 56
53 11 0
-154 7 -2
500 6 7
282 10 0
348 10 0
360 7 2
-218 4 -14
-367 2 -92
232 10 0
-464 10 -1
-237 10 -1
189 3 23
147 1 73
201 6 3
278 5 8
395 7 3
13 5 0
94 8 0
405 9 0
431 4 26
-284 12 -1
-213 15 -1
-128 8 -1
-148 9 -1
100 12 0
-9 7 -1
331 14 0
-64 3 -8
-95 6 -2
-393 14 -1
-411 10 -1
-171 6 -3
-474 7 -4
297 8 1
-275 1 -138
190 2 47
146 9 0
503 9 0
-272 10 -1
103 9 0
415 15 0
-67 12 -1
183 1 91
-222 2 -56
213 2 53
28 1 14
100 14 0
-445 2 -112
2 3 0
166 6 2
-363 14 -1
3 7 0
285 10 0
-307 5 -10
-422 13 -1
-223 10 -1
-103 13 -1
-50 15 -1
-104 7 -1
357 2 89
-376 7 -3
303 13 0
-422 14 -1
-184 10 -1
395 11 0
-329 7 -3
-312 3 -39
-363 8 -2
301 10 0
240 10 0
-306 3 -39
7 14 0
342 3 42
6 13 0
-288 5 -9
-302 13 -1
422 10 0
148 6 2
-74 11 -1
-82 15 -1
-96 3 -12
-282 9 -1
301 10 0
401 7 3
220 4 13
459 14 0
-395 12 -1
-109 13 -1
376 3 47
76 10 0
258 14 0
-65 13 -1
-102 5 -4
-21 8 -1
37 9 0
193 15 0
178 12 0
364 3 45
142 13 0
257 13 0
-116 15 -1
-149 5 -5
470 6 7
290 10 0
335 10 0
-9 10 -1
126 1 63
440 6 6
-270 15 -1
-381 10 -1
-390 4 -25
137 11 0
-301 6 -5
-468 13 -1
479 13 0
-475 2 -119
22 12 0
164 5 5
202 11 0
-203 5 -7
116 12 0
82 8 0
400 6 6
-436 6 -7
-317 6 -5
369 4 23
324 14 0
338 3 42
383 2 95
-96 1 -48
-390 15 -1
-50 7 -1
-450 12 -1
-208 6 -4
226 2 56
1 7 0
-8 11 -1
231 4 14
-212 12 -1
280 9 0
-57 9 -1
115 13 0
-257 11 -1
327 1 163
248 11 0
86 11 0
-6 8 -1
-151 4 -10
-240 14 -1
32 11 0
-495 9 -1
-443 12 -1
367 13 0
-497 3 -63
-66 2 -17
171 6 2
49 11 0
-78 10 -1
100 9 0
-311 15 -1
-489 11 -1
-45 7 -1
35 14 0
67 4 4
90 8 0
51 1 25
370 10 0
-422 14 -1
-185 8 -1
-495 5 -16
236 1 118
26 3 3
154 15 0
255 1 127
-35 6 -1
-50 13 -1
-228 7 -2
166 5 5
-500 9 -1
-419 15 -1
326 10 0
-308 3 -39
-219 2 -55
-263 12 -1
80 9 0
280 13 0
-251 14 -1
67 5 2
-292 12 -1
-165 13 -1
-299 7 -3
-307 7 -3
-68 14 -1
-229 11 -1
429 1 214
-47 2 -12
-278 2 -70
66 9 0
-42 8 -1
-399 2 -100
-453 6 -8
-292 8 -2
466 5 14
320 1 160
-127 14 -1
-144 7 -2
396 11 0
271 9 0
509 10 0
-224 11 -1
38 14 0
449 5 14
357 5 11
422 7 3
3 13 0
406 11 0
-190 3 -24
-144 2 -36
-310 1 -155
114 15 0
-33 3 -5
37 6 0
272 12 0
292 15 0
-466 9 -1
-248 8 -1
419 15 0
290 4 18
-419 1 -210
-319 10 -1
429 15 0
151 5 4
69 14 0
162 11 0
-12 8 -1
-484 15 -1
-343 10 -1
172 14 0
-95 12 -1
-7 8 -1
475 13 0
-401 15 -1
142 5 4
-281 5 -9
198 9 0
138 15 0
507 9 0
435 6 6
445 12 0
339 12 0
48 13 0
-127 1 -64
407 13 0
-178 12 -1
-106 11 -1
289 8 1
-241 8 -1
-116 2 -29
-420 15 -1
209 12 0
383 4 23
391 13 0
483 11 0
-344 3 -43
239 2 59
32 2 8
464 1 232
478 4 29
403 13 0
391 1 195
-348 12 -1
-186 10 -1
-51 7 -1
118 14 0
-33 12 -1
383 2 95
-395 6 -7
396 11 0
-340 12 -1
229 9 0
-376 4 -24
383 3 47
-364 6 -6
-359 7 -3
-8 10 -1
29 11 0
501 15 0
-288 7 -3
-489 14 -1
483 10 0
51 10 0
-365 4 -23
362 10 0
-370 5 -12
232 15 0
-458 7 -4
-354 14 -1
-14 10 -1
-102 12 -1
-371 15 -1
459 4 28
-270 8 -2
168 3 21
-272 7 -3
-444 12 -1
508 6 7
302 8 1
-89 4 -6
132 3 16
-468 12 -1
-470 2 -118
358 8 1
95 8 0
141 1 70
226 5 7
82 4 5
-169 10 -1
-431 3 -54
-95 13 -1
42 1 21
-255 11 -1
97 4 6
-74 14 -1
-205 6 -4
385 1 192
181 14 0
299 10 0
-13 13 -1
509 3 63
-29 8 -1
137 15 0
497 3 62
-69 7 -1
458 7 3
460 15 0
376 13 0
337 9 0
-345 6 -6
-229 10 -1
-133 9 -1
76 3 9
381 3 47
232 8 0
166 6 2
319 4 19
-242 4 -16
-271 2 -68
-435 10 -1
-451 4 -29
-82 10 -1
-125 15 -1
-110 13 -1
-411 6 -7
499 14 0
148 14 0
-467 2 -117
-345 11 -1
-4 5 -1
466 14 0
-30 9 -1
169 1 84
194 6 3
-6 7 -1
11 7 0
-321 15 -1
-130 7 -2
-331 7 -3
30 2 7
105 7 0
-444 12 -1
230 15 0
-228 10 -1
12 1 6
368 13 0
453 12 0
190 14 0
-162 11 -1
-281 1 -141
487 13 0
165 1 82
129 8 0
213 14 0
219 14 0
90 9 0
-127 1 -64
228 5 7
-312 1 -156
133 12 0
-348 8 -2
54 9 0
168 11 0
216 6 3
364 11 0
-162 13 -1
253 15 0
4 7 0
-312 8 -2
139 3 17
362 6 5
321 1 160
-164 14 -1
376 10 0
386 8 1
-204 5 -7
331 6 5
-383 9 -1
271 6 4
-457 7 -4
-317 6 -5
-303 15 -1
-334 12 -1
-144 7 -2
-125 3 -16
-472 15 -1
-88 4 -6
61 9 0
-509 14 -1
-5 14 -1
-113 13 -1
209 6 3
316 11 0
-365 14 -1
-210 15 -1
-91 12 -1
281 6 4
302 14 0
-107 1 -54
-484 1 -242
75 14 0
167 6 2
-265 1 -133
-238 1 -119
-120 5 -4
-101 9 -1
-12 11 -1
-270 7 -3
-65 12 -1
134 10 0
238 11 0
-501 4 -32
-416 13 -1
198 5 6
-320 15 -1
252 7 1
45 10 0
-302 12 -1
-225 6 -4
-456 11 -1
311 12 0
-97 11 -1
225 6 3
-478 7 -4
114 11 0
94 10 0
350 9 0
87 8 0
401 7 3
100 11 0
502 9 0
-435 14 -1
247 13 0
-207 2 -52
489 8 1
-327 14 -1
454 11 0
-136 10 -1
48 15 0
-347 2 -87
-500 13 -1
298 9 0
-425 2 -107
162 2 40
192 1 96
-486 12 -1
-497 8 -2
30 14 0
359 13 0
211 14 0
91 9 0
-265 3 -34
-219 13 -1
202 3 25
-354 14 -1
-261 2 -66
221 6 3
263 8 1
-41 2 -11
454 15 0
491 11 0
-270 7 -3
499 1 249
394 13 0
396 2 99
-78 7 -1
-221 2 -56
439 10 0
292 11 0
219 6 3
223 9 0
-334 10 -1
-47 1 -24
138 2 34
127 14 0
339 3 42
-300 15 -1
-354 8 -2
-504 4 -32
407 1 203
202 12 0
160 5 5
-220 2 -55
-388 3 -49
-61 7 -1
344 4 21
229 14 0
447 14 0
-153 1 -77
249 2 62
-443 2 -111
-219 7 -2
88 8 0
467 8 1
61 14 0
170 9 0
22 9 0
-310 12 -1
257 12 0
434 5 13
-439 13 -1
-282 8 -2
367 3 45
295 15 0
-95 6 -2
-75 12 -1
-374 15 -1
-163 3 -21
-23 11 -1
294 12 0
243 11 0
-351 14 -1
-327 12 -1
-235 13 -1
-123 6 -2
-152 2 -38
-460 6 -8
500 11 0
-3 13 -1
-277 11 -1
502 4 31
174 15 0
316 4 19
-475 8 -2
235 11 0
511 3 63
-294 13 -1
311 4 19
237 9 0
-315 2 -79
-171 1 -86
-29 11 -1
-148 13 -1
-220 13 -1
42 12 0
353 15 0
60 7 0
130 7 1
464 1 232
20 15 0
-147 6 -3
-431 4 -27
-43 14 -1
-444 8 -2
-143 14 -1
444 8 1
-428 2 -107
-210 12 -1
444 4 27
97 11 0
448 2 112
-313 5 -10
-32 6 -1
383 7 2
-14 14 -1
-11 6 -1
-37 7 -1
167 6 2
-115 12 -1
241 13 0
49 6 0
80 12 0
274 14 0
373 7 2
-198 5 -7
5 1 2
324 11 0
108 8 0
469 15 0
363 2 90
454 9 0
220 13 0
-452 12 -1
-445 5 -14
-387 7 -4
315 3 39
386 8 1
-392 8 -2
142 1 71
-21 3 -3
155 14 0
103 11 0
-435 8 -2
-345 9 -1
-490 6 -8
33 15 0
-232 14 -1
224 6 3
459 1 229
122 4 7
404 6 6
-403 7 -4
273 15 0
-174 13 -1
-366 9 -1
-156 8 -1
410 15 0
-411 9 -1
245 1 122
280 12 0
-80 15 -1
186 15 0
103 14 0
198 10 0
-405 2 -102
-30 2 -8
-501 8 -2
-276 6 -5
473 7 3
234 8 0
-392 6 -7
-218 2 -55
-226 8 -1
187 12 0
-469 8 -2
49 7 0
-49 14 -1
181 7 1
242 4 15
245 13 0
24 13 0
-171 15 -1
132 7 1
250 11 0
-70 2 -18
-205 5 -7
463 6 7
49 13 0
-245 2 -62
379 10 0
-89 7 -1
-442 10 -1
419 15 0
-161 6 -3
178 9 0
-499 6 -8
-127 6 -2
480 3 60
-206 14 -1
-26 8 -1
-17 15 -1
262 13 0
303 15 0
-331 4 -21
377 11 0
147 7 1
-233 10 -1
233 14 0
28 5 0
470 13 0
-308 5 -10
395 10 0
-94 5 -3
-36 2 -9
-418 8 -2
343 6 5
-126 11 -1
-237 11 -1
-45 11 -1
-146 2 -37
-12 10 -1
-509 15 -1
-270 4 -17
-44 5 -2
-356 9 -1
92 14 0
497 5 15
-367 2 -92
5 3 0
491 14 0
-355 13 -1
353 8 1
23 12 0
331 6 5
83 11 0
-21 9 -1
95 7 0
309 5 9
-40 14 -1
19 11 0
-393 14 -1
64 15 0
-487 1 -244
145 11 0
-345 2 -87
106 6 1
-309 2 -78
-141 12 -1
76 11 0
-247 2 -62
-218 5 -7
214 12 0
-443 2 -111
-420 6 -7
-193 7 -2
146 13 0
-4 3 -1
128 8 0
-444 11 -1
-217 4 -14
-501 5 -16
307 8 1
506 15 0
-175 4 -11
-460 2 -115
-175 9 -1
-42 15 -1
-261 5 -9
-496 10 -1
-211 2 -53
139 6 2
168 13 0
-302 11 -1
-82 2 -21
-343 8 -2
64 14 0
243 8 0
-421 5 -14
490 3 61
389 8 1
73 3 9
-302 6 -5
166 4 10
-413 2 -104
184 12 0
-329 7 -3
336 15 0
462 11 0
-397 5 -13
333 6 5
472 13 0
-512 1 -256
-339 14 -1
387 11 0
-123 4 -8
-419 1 -210
102 14 0
-338 6 -6
-161 1 -81
-497 1 -249
4 3 0
185 15 0
-121 6 -2
315 10 0
300 9 0
446 5 13
95 7 0
-306 4 -20
-114 3 -15
-391 1 -196
-173 6 -3
65 15 0
213 8 0
-104 7 -1
192 8 0
27 8 0
145 1 72
447 10 0
451 2 112
-274 5 -9
227 14 0
86 8 0
-369 4 -24
236 13 0
-26 10 -1
-399 15 -1
-512 13 -1
267 2 66
-504 7 -4
490 15 0
387 6 6
28 7 0
219 13 0
-363 2 -91
232 3 29
455 3 56
-55 7 -1
240 8 0
-455 8 -2
158 14 0
425 6 6
265 6 4
-211 12 -1
-19 6 -1
502 13 0
92 1 46
213 10 0
340 1 170
-34 14 -1
195 1 97
233 6 3
-368 8 -2
178 11 0
-284 3 -36
-198 5 -7
-400 10 -1
-189 12 -1
504 4 31
374 1 187
-350 7 -3
66 2 16
-265 6 -5
510 3 63
9 8 0
230 4 14
-182 11 -1
240 7 1
341 3 42
322 5 10
-335 1 -168
-17 6 -1
-77 9 -1
-134 4 -9
-25 7 -1
207 2 51
-444 9 -1
508 4 31
172 5 5
93 2 23
132 14 0
205 8 0
245 9 0
78 7 0
223 3 27
-317 6 -5
223 15 0
39 7 0
-75 9 -1
142 12 0
-498 4 -32
-328 4 -21
37 15 0
-217 1 -109
45 13 0
208 9 0
-280 13 -1
-276 6 -5
331 12 0
129 11 0
-173 14 -1
-509 8 -2
268 6 4
208 10 0
-24 1 -12
-167 4 -11
220 14 0
-214 8 -1
453 7 3
114 2 28
58 10 0
-321 9 -1
-274 2 -69
375 9 0
-159 6 -3
-111 15 -1
-403 9 -1
481 9 0
-135 10 -1
460 5 14
505 11 0
-47 7 -1
-348 10 -1
-104 3 -13
240 5 7
266 1 133
276 12 0
-33 10 -1
339 1 169
99 15 0
484 1 242
438 14 0
377 5 11
410 13 0
438 11 0
-134 5 -5
-128 14 -1
42 15 0
394 5 12
-494 12 -1
269 8 1
33 11 0
347 14 0
148 2 37
400 13 0
-333 1 -167
-416 9 -1
321 4 20
-101 1 -51
8 9 0
-23 5 -1
193 4 12
509 6 7
-366 9 -1
458 9 0
-317 7 -3
474 2 118
200 4 12
-55 10 -1
451 10 0
135 11 0
-439 2 -110
-73 6 -2
-307 10 -1
251 13 0
185 4 11
-216 8 -1
-313 3 -40
399 10 0
-413 11 -1
97 9 0
-7 9 -1
405 8 1
485 11 0
-72 5 -3
433 4 27
-107 9 -1
-218 13 -1
-71 2 -18
-503 15 -1
447 5 13
236 12 0
-50 8 -1
481 2 120
-69 3 -9
-278 9 -1
-417 7 -4
-291 8 -2
-418 2 -105
-168 15 -1
-395 8 -2
-85 4 -6
-56 1 -28
227 6 3
399 1 199
116 7 0
56 1 28
-294 10 -1
368 11 0
352 6 5
160 3 20
134 5 4
-39 3 -5
-412 1 -206
434 1 217
457 7 3
218 5 6
61 3 7
-496 6 -8
-133 4 -9
493 5 15
63 4 3
-21 14 -1
382 8 1
-200 3 -25
-346 3 -44
41 1 20
-104 14 -1
-152 9 -1
485 14 0
-323 14 -1
208 6 3
-460 13 -1
-60 13 -1
53 4 3
157 10 0
442 8 1
185 9 0
97 8 0
447 5 13
-183 14 -1
190 14 0
322 6 5
452 12 0
-174 5 -6
-19 8 -1
48 5 1
-273 12 -1
-181 14 -1
-96 4 -6
-65 15 -1
100 9 0
452 14 0
-492 12 -1
459 7 3
-444 12 -1
-101 2 -26
-418 8 -2
-202 3 -26
267 4 16
-39 12 -1
-445 1 -223
-104 3 -13
159 9 0
157 13 0
-450 7 -4
-52 3 -7
-108 10 -1
-66 14 -1
-386 10 -1
448 11 0
246 4 15
423 15 0
-250 4 -16
95 14 0
-183 12 -1
-277 10 -1
434 13 0
95 14 0
62 15 0
206 2 51
169 9 0
-444 8 -2
425 12 0
424 8 1
204 12 0
343 15 0
162 2 40
106 15 0
245 9 0
109 10 0
449 7 3
-215 6 -4
-397 5 -13
-176 5 -6
229 9 0
123 15 0
-369 13 -1
246 3 30
192 14 0
442 13 0
472 13 0
-423 10 -1
-483 2 -121
-391 15 -1
17 10 0
118 3 14
436 8 1
-1 6 -1
75 8 0
-412 14 -1
-185 1 -93
316 7 2
-393 4 -25
179 6 2
-458 12 -1
-419 9 -1
191 9 0
308 4 19
455 15 0
173 7 1
313 15 0
-57 6 -1
47 13 0
-274 1 -137
-6 11 -1
-124 9 -1
-507 12 -1
-376 15 -1
501 11 0
-107 6 -2
-128 9 -1
-267 10 -1
-63 14 -1
-91 9 -1
469 5 14
-332 12 -1
-271 4 -17
507 7 3
-342 2 -86
433 14 0
339 13 0
-117 9 -1
87 2 21
-118 4 -8
-456 10 -1
-175 12 -1
499 12 0
276 3 34
-179 10 -1
-105 14 -1
-477 11 -1
-452 10 -1
486 2 121
276 4 17
-175 1 -88
-318 12 -1
-415 13 -1
454 13 0
-180 13 -1
-449 9 -1
-394 11 -1
-497 10 -1
-5 13 -1
304 9 0
151 15 0
138 13 0
-131 2 -33
399 14 0
154 8 0
241 1 120
1 5 0
233 2 58
-386 8 -2
-450 10 -1
296 8 1
-335 13 -1
39 10 0
249 2 62
-75 5 -3
18 15 0
422 10 0
368 12 0
-265 3 -34
-61 12 -1
-437 10 -1
-37 6 -1
324 1 162
414 14 0
22 5 0
148 9 0
173 6 2
263 2 65
252 10 0
-201 15 -1
440 5 13
-4 4 -1
-210 2 -53
175 3 21
-479 1 -240
-406 1 -203
366 3 45
223 11 0
-193 1 -97
-352 10 -1
-334 5 -11
-141 7 -2
293 13 0
-407 7 -4
347 10 0
292 7 2
-291 7 -3
-354 15 -1
295 9 0
-286 3 -36
50 13 0
16 4 1
458 8 1
-97 12 -1
289 10 0
347 6 5
-218 14 -1
-220 7 -2
-474 14 -1
-215 11 -1
225 3 28
-483 8 -2
316 10 0
-66 12 -1
-144 3 -18
189 7 1
-111 12 -1
22 9 0
-267 2 -67
267 3 33
-86 5 -3
422 2 105
-270 3 -34
197 11 0
28 3 3
-13 8 -1
-283 15 -1
506 13 0
315 7 2
-88 1 -44
-107 10 -1
-462 9 -1
187 3 23
-63 8 -1
-168 1 -84
143 15 0
-332 9 -1
-118 9 -1
81 5 2
375 3 46
20 6 0
378 2 94
-219 2 -55
-343 11 -1
-253 10 -1
46 11 0
364 8 1
-339 9 -1
327 2 81
-47 3 -6
176 13 0
-433 3 -55
-428 9 -1
-330 15 -1
277 6 4
82 2 20
-353 6 -6
422 9 0
-311 6 -5
-219 2 -55
-253 14 -1
501 2 125
153 12 0
500 15 0
-487 13 -1
-115 9 -1
160 2 40
438 14 0
473 11 0
260 13 0
439 11 0
-193 8 -1
-246 2 -62
452 14 0
430 1 215
38 4 2
-163 14 -1
-38 9 -1
-447 10 -1
342 13 0
180 2 45
-258 10 -1
-106 5 -4
448 12 0
370 14 0
-288 4 -18
-487 1 -244
-76 8 -1
45 8 0
257 6 4
234 14 0
-38 10 -1
-417 5 -14
-472 10 -1
-203 7 -2
103 12 0
116 9 0
-337 15 -1
217 15 0
385 3 48
185 15 0
-107 13 -1
-277 9 -1
-64 9 -1
-245 7 -2
286 2 71
-14 10 -1
247 12 0
-388 1 -194
140 14 0
240 13 0
-489 6 -8
-334 12 -1
348 8 1
-162 2 -41
-374 6 -6
-183 12 -1
-221 15 -1
77 3 9
-48 8 -1
370 1 185
322 14 0
-491 6 -8
34 8 0
4 14 0
-406 12 -1
-246 2 -62
-468 10 -1
74 13 0
50 1 25
383 1 191
181 11 0
397 5 12
209 6 3
-361 12 -1
504 14 0
-350 14 -1
-275 8 -2
-463 2 -116
-502 7 -4
-62 15 -1
-83 6 -2
492 10 0
-212 11 -1
468 6 7
251 4 15
258 4 16
-273 1 -137
-235 4 -15
240 6 3
388 6 6
-45 4 -3
54 3 6
-378 4 -24
-274 10 -1
507 14 0
-252 14 -1
166 3 20
-387 7 -4
420 8 1
-508 12 -1
-70 8 -1
-17 6 -1
-410 1 -205
245 6 3
175 13 0
-423 14 -1
-242 6 -4
-358 11 -1
13 13 0
-217 5 -7
109 13 0
-5 4 -1
-443 2 -111
324 9 0
-147 3 -19
201 5 6
67 4 4
488 6 7
220 11 0
-410 4 -26
-388 11 -1
397 14 0
-294 9 -1
-293 9 -1
-33 15 -1
-378 15 -1
-305 3 -39
-99 6 -2
422 2 105
-251 13 -1
-123 13 -1
63 7 0
-121 10 -1
-305 8 -2
-366 14 -1
42 15 0
509 8 1
166 6 2
-436 15 -1
-386 12 -1
-288 6 -5
-241 5 -8
-210 7 -2
388 15 0
477 15 0
-307 3 -39
398 2 99
18 3 2
-125 14 -1
349 4 21
-214 8 -1
328 12 0
-87 13 -1
435 3 54
7 6 0
165 13 0
150 12 0
371 8 1
-314 6 -5
363 5 11
86 10 0
68 14 0
-367 6 -6
-11 15 -1
-449 7 -4
73 12 0
161 13 0
480 13 0
102 3 12
338 2 84
211 15 0
258 3 32
-401 7 -4
-17 3 -3
-230 15 -1
-134 2 -34
1 2 0
-91 13 -1
-5 5 -1
306 1 153
-421 13 -1
-96 14 -1
164 13 0
-48 13 -1
403 12 0
-208 13 -1
251 5 7
-38 11 -1
-324 10 -1
-381 14 -1
219 4 13
94 5 2
-466 4 -30
192 7 1
-405 8 -2
458 2 114
396 8 1
-475 13 -1
314 9 0
267 9 0
404 9 0
481 1 240
421 13 0
370 8 1
-274 7 -3
-335 14 -1
-506 8 -2
336 1 168
-439 11 -1
-116 4 -8
165 13 0
-158 8 -1
167 10 0
-470 11 -1
-110 13 -1
470 3 58
426 2 106
-230 3 -29
-505 4 -32
189 7 1
-359 10 -1
-112 9 -1
-355 7 -3
-160 13 -1
-324 7 -3
-488 3 -61
420 5 13
-438 7 -4
6 4 0
21 15 0
111 10 0
-398 13 -1
-418 12 -1
371 10 0
146 10 0
336 2 84
196 15 0
77 3 9
-134 2 -34
413 8 1
-51 8 -1
51 5 1
-280 10 -1
306 6 4
-24 7 -1
-375 13 -1
390 10 0
44 6 0
-227 12 -1
90 3 11
224 7 1
-68 15 -1
-63 9 -1
416 2 104
228 8 0
414 12 0
465 13 0
-392 10 -1
28 4 1
-302 12 -1
78 6 1
43 5 1
343 14 0
-441 12 -1
375 1 187
490 10 0
-290 2 -73
15 13 0
306 3 38
508 13 0
154 3 19
361 13 0
-251 6 -4
-127 10 -1
-137 5 -5
-295 12 -1
-343 6 -6
-187 1 -94
-422 15 -1
375 12 0
353 10 0
-359 4 -23
307 3 38
254 4 15
-504 13 -1
-396 9 -1
442 9 0
-470 5 -15
427 11 0
-340 11 -1
-28 14 -1
348 14 0
-55 7 -1
85 1 42
-479 1 -240
-133 15 -1
231 1 115
196 15 0
-285 1 -143
-281 2 -71
-49 9 -1
-262 3 -33
265 14 0
-128 10 -1
439 6 6
408 10 0
-469 11 -1
-175 4 -11
125 10 0
199 11 0
-317 11 -1
-447 15 -1
-134 2 -34
219 9 0
-363 2 -91
189 12 0
461 13 0
387 14 0
265 9 0
68 4 4
-164 6 -3
312 6 4
-301 6 -5
289 11 0
-31 7 -1
-447 12 -1
-27 15 -1
129 13 0
-174 5 -6
242 2 60
443 2 110
-453 10 -1
-258 9 -1
-418 2 -105
322 3 40
-427 14 -1
-198 7 -2
-468 6 -8
-358 14 -1
-311 13 -1
239 4 14
-449 4 -29
258 4 16
251 4 15
76 15 0
-398 14 -1
-492 6 -8
-4 10 -1
-226 1 -113
-461 2 -116
164 11 0
-311 8 -2
303 3 37
-43 3 -6
372 3 46
-132 8 -1
-12 7 -1
-200 3 -25
271 9 0
347 9 0
465 14 0
-196 12 -1
43 8 0
473 10 0
168 8 0
14 5 0
-380 3 -48
108 6 1
375 8 1
428 14 0
144 12 0
-293 9 -1
-78 2 -20
-444 2 -111
327 6 5
-255 8 -1
-248 6 -4
18 13 0
23 14 0
-361 7 -3
-209 2 -53
-93 4 -6
-390 9 -1
-434 6 -7
-321 10 -1
-425 11 -1
-259 5 -9
-294 15 -1
-186 4 -12
273 2 68
-112 9 -1
425 13 0
-354 3 -45
200 2 50
-362 7 -3
4 7 0
163 14 0
-183 9 -1
401 9 0
130 13 0
-145 9 -1
346 2 86
136 4 8
-111 7 -1
18 6 0
85 4 5
-408 15 -1
-229 11 -1
-193 3 -25
-130 4 -9
-92 10 -1
-123 4 -8
38 1 19
-317 5 -10
-141 6 -3
-350 4 -22
410 12 0
-51 8 -1
481 13 0
-178 1 -89
450 5 14
396 3 49
-74 6 -2
163 3 20
-132 14 -1
45 13 0
330 2 82
-37 4 -3
223 15 0
402 10 0
326 7 2
6 13 0
140 9 0
53 12 0
-357 2 -90
12 4 0
-231 3 -29
373 6 5
-361 3 -46
-179 4 -12
471 7 3
-298 15 -1
-437 11 -1
176 1 88
-334 7 -3
277 5 8
357 10 0
80 2 20
-236 15 -1
-199 7 -2
63 3 7
-265 8 -2
-210 12 -1
105 11 0
253 9 0
-271 13 -1
-91 5 -3
-83 14 -1
-346 5 -11
-338 6 -6
52 2 13
431 15 0
-160 6 -3
-351 2 -88
325 1 162
-129 14 -1
-316 10 -1
38 1 19
102 7 0
108 15 0
143 8 0
154 14 0
-137 13 -1
177 3 22
-271 2 -68
72 14 0
-421 9 -1
-219 12 -1
-32 4 -2
202 9 0
-195 14 -1
413 6 6
475 12 0
-48 5 -2
-467 8 -2
225 6 3
270 3 33
170 2 42
-366 9 -1
-51 13 -1
-341 11 -1
102 8 0
362 6 5
-132 5 -5
-350 4 -22
-301 7 -3
478 7 3
-350 2 -88
-49 14 -1
107 8 0
-409 14 -1
327 8 1
427 6 6
-116 7 -1
288 13 0
297 6 4
-137 7 -2
401 4 25
317 11 0
449 5 14
-5 14 -1
345 8 1
-350 13 -1
-372 15 -1
272 10 0
-137 5 -5
454 13 0
468 3 58
-14 8 -1
147 14 0
-419 13 -1
-152 8 -1
136 11 0
287 11 0
-37 12 -1
-35 15 -1
275 1 137
402 6 6
319 13 0
397 4 24
282 3 35
456 14 0
-506 13 -1
-374 5 -12
-434 10 -1
357 7 2
-357 15 -1
-262 2 -66
270 9 0
283 12 0
-449 4 -29
-81 11 -1
-376 13 -1
-317 2 -80
-291 15 -1
-448 5 -14
-321 8 -2
449 7 3
-139 7 -2
-227 7 -2
70 5 2
301 13 0
281 14 0
-179 6 -3
297 13 0
-242 10 -1
-484 6 -8
-292 12 -1
-316 5 -10
499 11 0
392 13 0
-411 1 -206
-334 8 -2
448 13 0
-268 15 -1
314 3 39
43 4 2
-453 14 -1
-53 14 -1
197 3 24
314 13 0
327 3 40
491 4 30
411 4 25
-455 10 -1
4 1 2
130 10 0
-151 1 -76
52 1 26
5 8 0
-497 10 -1
-47 8 -1
14 15 0
366 15 0
483 15 0
421 10 0
445 15 0
160 7 1
-388 2 -97
-486 8 -2
-44 6 -1
-159 8 -1
443 8 1
108 7 0
-171 14 -1
-53 6 -1
509 4 31
60 7 0
153 4 9
166 4 10
257 12 0
-406 3 -51
96 6 1
-485 11 -1
228 12 0
-179 6 -3
460 9 0
243 4 15
-101 15 -1
-39 14 -1
242 9 0
-258 15 -1
75 12 0
-463 7 -4
254 1 127
-430 7 -4
59 12 0
92 11 0
-117 6 -2
12 3 1
-394 10 -1
509 12 0
186 7 1
193 6 3
-267 3 -34
287 7 2
-319 8 -2
67 10 0
-55 2 -14
158 15 0
153 8 0
281 10 0
-2 6 -1
-47 6 -1
395 8 1
-512 8 -2
363 7 2
-487 3 -61
448 4 28
-16 2 -4
-350 10 -1
430 3 53
-35 9 -1
-279 11 -1
246 12 0
-277 15 -1
284 4 17
-397 5 -13
-306 7 -3
-507 5 -16
-214 10 -1
-418 7 -4
-209 6 -4
-38 15 -1
-36 2 -9
397 8 1
407 13 0
-198 9 -1
96 4 6
-491 15 -1
-88 1 -44
-436 9 -1
-280 1 -140
142 12 0
-338 4 -22
-96 1 -48
257 1 128
51 3 6
107 10 0
88 3 11
-237 8 -1
103 8 0
426 10 0
134 13 0
85 6 1
356 15 0
320 15 0
-110 9 -1
231 13 0
-65 2 -17
52 4 3
-33 14 -1
-450 12 -1
269 12 0
-2 7 -1
316 1 158
185 1 92
-244 1 -122
400 2 100
247 12 0
-174 3 -22
-277 5 -9
-422 11 -1
405 9 0
-154 1 -77
496 5 15
-328 9 -1
-373 9 -1
-30 4 -2
-257 1 -129
-136 15 -1
182 4 11
275 3 34
312 3 39
-215 11 -1
140 1 70
363 14 0
329 12 0
-250 12 -1
-445 4 -28
171 6 2
241 3 30
303 5 9
-451 15 -1
389 14 0
-202 15 -1
-277 3 -35
269 11 0
-348 9 -1
136 1 68
-495 3 -62
-179 5 -6
311 12 0
41 8 0
79 8 0
249 1 124
145 4 9
205 2 51
-330 13 -1
400 2 100
-98 3 -13
-369 13 -1
162 15 0
214 13 0
-192 7 -2
-478 10 -1
491 2 122
-21 11 -1
364 14 0
34 6 0
-83 9 -1
287 11 0
-77 8 -1
-446 10 -1
262 1 131
94 1 47
305 3 38
-140 11 -1
340 11 0
-248 10 -1
65 10 0
351 10 0
-264 1 -132
-71 13 -1
-60 12 -1
-67 12 -1
-145 8 -1
144 12 0
-44 6 -1
358 15 0
251 1 125
-294 1 -147
-404 10 -1
-118 13 -1
-151 11 -1
-48 3 -6
-324 15 -1
-140 7 -2
421 4 26
152 11 0
447 13 0
190 2 47
336 5 10
-493 15 -1
-219 15 -1
-374 10 -1
2 8 0
351 1 175
-509 2 -128
-481 3 -61
136 6 2
-60 14 -1
-453 9 -1
-185 14 -1
-254 7 -2
445 6 6
-354 9 -1
-444 1 -222
65 3 8
305 14 0
69 7 0
254 1 127
391 15 0
281 6 4
166 3 20
82 1 41
-224 8 -1
183 4 11
254 2 63
247 6 3
78 8 0
445 3 55
200 15 0
461 6 7
-136 8 -1
70 3 8
-222 9 -1
-348 6 -6
-349 4 -22
12 5 0
190 13 0
28 4 1
-386 14 -1
-261 7 -3
-482 2 -121
-35 15 -1
-134 2 -34
102 2 25
416 13 0
297 11 0
60 14 0
280 14 0
-16 1 -8
-396 13 -1
-271 14 -1
374 8 1
-454 11 -1
-42 4 -3
-337 1 -169
-420 6 -7
-392 1 -196
351 5 10
125 9 0
94 4 5
17 4 1
406 4 25
179 11 0
449 8 1
-20 12 -1
-298 8 -2
213 7 1
-434 9 -1
-500 3 -63
472 13 0
-182 15 -1
-205 4 -13
356 12 0
445 4 27
147 9 0
-151 13 -1
197 12 0
-325 4 -21
-58 14 -1
137 12 0
64 11 0
-474 7 -4
-416 10 -1
209 15 0
-255 13 -1
-189 4 -12
383 2 95
354 14 0
255 1 127
-86 8 -1
329 12 0
-225 2 -57
168 12 0
-249 9 -1
-112 6 -2
-270 9 -1
-65 11 -1
-262 14 -1
487 9 0
-450 9 -1
69 5 2
273 2 68
318 15 0
-337 9 -1
148 14 0
-209 6 -4
263 6 4
238 8 0
-510 13 -1
375 1 187
-116 5 -4
-189 2 -48
-296 8 -2
-282 6 -5
-112 4 -7
-355 7 -3
479 9 0
-18 2 -5
198 4 12
-145 1 -73
350 8 1
244 4 15
-185 9 -1
220 11 0
-163 4 -11
-312 14 -1
-274 8 -2
242 4 15
464 3 58
-299 6 -5
460 2 115
-161 10 -1
-54 15 -1
-306 14 -1
-170 1 -85
271 15 0
151 7 1
475 13 0
456 4 28
-111 15 -1
327 12 0
506 9 0
116 12 0
320 11 0
-163 9 -1
200 9 0
334 2 83
-63 14 -1
-268 14 -1
-366 1 -183
338 14 0
314 13 0
487 12 0
-379 11 -1
318 13 0
20 12 0
-387 1 -194
-449 1 -225
-169 4 -11
460 8 1
-34 5 -2
509 14 0
-105 14 -1
-279 15 -1
-368 1 -184
248 2 62
425 11 0
-14 1 -7
411 2 102
0 7 0
225 10 0
280 7 2
407 13 0
-255 11 -1
-353 14 -1
314 11 0
-466 2 -117
288 2 72
-320 12 -1
40 15 0
258 13 0
-512 10 -1
282 7 2
-418 4 -27
-475 8 -2
340 13 0
37 11 0
-257 13 -1
-372 8 -2
-72 4 -5
-218 11 -1
491 5 15
60 4 3
378 5 11
-456 5 -15
337 5 10
170 13 0
85 5 2
-440 8 -2
-128 3 -16
207 6 3
92 3 11
-283 1 -142
459 7 3
509 11 0
219 1 109
-189 1 -95
195 12 0
-464 13 -1
-433 6 -7
448 3 56
329 3 41
-493 9 -1
-430 9 -1
-236 11 -1
9 7 0
-487 12 -1
236 2 59
-459 12 -1
152 9 0
-4 8 -1
503 13 0
331 6 5
454 12 0
153 2 38
40 14 0
181 6 2
134 8 0
427 14 0
22 3 2
-150 13 -1
334 5 10
390 5 12
139 1 69
-112 5 -4
9 11 0
-34 11 -1
-403 11 -1
288 4 18
58 14 0
93 9 0
215 5 6
-154 12 -1
410 10 0
311 12 0
-310 14 -1
-134 15 -1
-444 5 -14
55 9 0
-66 8 -1
245 6 3
-261 7 -3
-39 11 -1
-174 8 -1
281 8 1
-59 2 -15
235 9 0
304 13 0
136 15 0
-335 9 -1
381 6 5
61 1 30
-14 2 -4
-451 10 -1
-61 5 -2
421 12 0
-34 2 -9
-156 8 -1
483 7 3
-266 10 -1
291 10 0
363 1 181
-225 9 -1
-354 1 -177
-428 10 -1
53 13 0
293 5 9
96 10 0
474 14 0
481 10 0
461 2 115
-192 2 -48
208 3 26
89 10 0
396 3 49
-170 10 -1
176 12 0
277 4 17
-267 14 -1
12 10 0
-472 5 -15
502 6 7
499 2 124
-76 8 -1
-472 2 -118
506 4 31
219 3 27
141 4 8
276 13 0
306 14 0
3 10 0
317 6 4
-504 10 -1
-295 5 -10
-366 9 -1
397 3 49
-419 8 -2
424 9 0
490 8 1
-319 8 -2
-217 5 -7
-25 2 -7
78 2 19
88 3 11
409 15 0
95 1 47
-244 7 -2
441 7 3
-34 4 -3
203 14 0
441 2 110
-237 11 -1
81 3 10
-189 7 -2
-69 7 -1
-383 14 -1
145 4 9
-172 5 -6
152 7 1
212 13 0
-89 1 -45
-251 15 -1
-289 10 -1
176 10 0
-73 13 -1
113 3 14
429 9 0
-351 1 -176
334 6 5
159 10 0
-197 12 -1
-35 3 -5
-52 8 -1
-381 3 -48
232 6 3
495 14 0
122 13 0
-443 9 -1
161 14 0
-170 13 -1
36 15 0
-200 12 -1
-156 14 -1
221 6 3
-108 1 -54
219 1 109
103 11 0
432 10 0
114 14 0
36 7 0
-410 5 -13
420 13 0
307 15 0
-267 4 -17
-302 3 -38
-325 10 -1
-129 14 -1
154 3 19
106 1 53
229 9 0
-504 7 -4
275 3 34
-225 15 -1
-328 1 -164
307 14 0
237 1 118
-55 14 -1
-62 7 -1
-257 1 -129
-202 4 -13
-363 8 -2
-124 8 -1
-259 13 -1
129 9 0
-45 1 -23
129 1 64
-312 4 -20
103 6 1
-51 3 -7
-485 8 -2
-432 3 -54
137 5 4
122 4 7
-280 4 -18
-228 3 -29
338 2 84
-400 12 -1
298 13 0
499 11 0
254 11 0
272 6 4
-487 2 -122
131 3 16
-438 6 -7
67 2 16
87 4 5
-131 3 -17
-460 9 -1
-97 5 -4
-19 13 -1
451 6 7
509 11 0
-373 1 -187
463 12 0
62 12 0
-157 8 -1
-45 10 -1
-73 4 -5
91 4 5
-178 8 -1
183 12 0
-133 5 -5
-376 7 -3
198 15 0
-441 15 -1
58 13 0
356 5 11
-166 7 -2
479 10 0
-342 9 -1
-271 12 -1
-52 7 -1
238 11 0
-17 14 -1
-460 8 -2
-428 13 -1
-321 15 -1
482 4 30
509 7 3
-301 4 -19
206 7 1
-104 6 -2
313 5 9
-406 9 -1
-451 15 -1
-42 10 -1
167 11 0
6 10 0
176 15 0
325 3 40
-342 9 -1
343 9 0
30 9 0
-66 9 -1
-320 15 -1
25 15 0
70 7 0
497 12 0
480 14 0
-250 10 -1
-140 1 -70
79 11 0
196 10 0
-376 4 -24
-457 10 -1
101 10 0
-397 4 -25
233 8 0
-194 1 -97
366 4 22
139 12 0
-388 10 -1
-316 11 -1
-325 15 -1
469 6 7
-440 15 -1
-322 7 -3
-15 15 -1
-67 6 -2
494 12 0
164 9 0
224 15 0
-265 12 -1
28 14 0
163 8 0
287 10 0
-304 11 -1
-228 12 -1
-209 2 -53
-317 12 -1
-312 7 -3
-225 11 -1
504 10 0
158 3 19
266 3 33
-466 7 -4
225 9 0
-156 2 -39
307 10 0
460 14 0
-471 15 -1
260 15 0
323 15 0
230 14 0
93 11 0
394 11 0
434 13 0
173 15 0
-267 5 -9
116 6 1
420 2 105
420 1 210
-203 8 -1
-141 9 -1
-449 5 -15
490 9 0
-355 13 -1
-470 13 -1
170 8 0
90 1 45
-159 3 -20
67 2 16
-424 10 -1
29 8 0
-346 15 -1
-379 5 -12
509 12 0
245 7 1
363 3 45
-147 9 -1
188 3 23
-237 2 -60
13 8 0
-436 12 -1
104 8 0
-344 10 -1
378 3 47
493 1 246
508 9 0
484 3 60
265 13 0
-76 3 -10
-62 6 -1
-236 2 -59
62 10 0
-73 13 -1
22 4 1
458 13 0
448 1 224
-64 13 -1
-234 12 -1
-272 13 -1
287 4 17
-298 7 -3
165 4 10
-194 5 -7
-464 12 -1
242 13 0
-484 11 -1
-145 8 -1
-390 9 -1
84 9 0
1 8 0
448 12 0
-32 3 -4
70 12 0
219 3 27
-343 5 -11
235 8 0
-410 13 -1
112 8 0
-189 9 -1
-364 11 -1
257 2 64
78 14 0
-196 5 -7
-152 8 -1
251 10 0
308 11 0
486 15 0
443 10 0
362 3 45
-268 9 -1
376 11 0
-415 1 -208
105 7 0
307 5 9
64 13 0
455 4 28
357 6 5
22 7 0
-178 4 -12
500 8 1
-114 12 -1
-296 8 -2
-509 4 -32
441 9 0
-308 8 -2
-82 5 -3
32 3 4
322 11 0
109 8 0
-210 7 -2
-285 4 -18
473 3 59
45 6 0
-237 3 -30
446 9 0
275 5 8
7 12 0
-47 3 -6
-97 3 -13
133 7 1
205 10 0
72 2 18
-66 11 -1
179 12 0
-24 10 -1
-326 8 -2
251 15 0
-482 10 -1
-45 15 -1
-494 3 -62
148 13 0
338 4 21
333 11 0
-156 9 -1
-377 6 -6
-470 6 -8
50 9 0
211 2 52
74 4 4
-254 14 -1
-3 1 -2
413 3 51
436 14 0
346 15 0
-381 12 -1
294 14 0
-443 8 -2
-226 14 -1
-140 10 -1
104 12 0
349 11 0
381 5 11
-435 6 -7
-503 13 -1
-500 4 -32
-393 10 -1
71 9 0
-97 10 -1
425 7 3
-489 8 -2
-73 12 -1
8 11 0
142 9 0
199 6 3
128 2 32
423 7 3
374 9 0
294 9 0
363 13 0
246 8 0
178 1 89
306 14 0
238 1 119
-292 3 -37
-340 12 -1
355 15 0
415 9 0
481 4 30
145 12 0
409 3 51
297 5 9
-91 3 -12
158 4 9
341 4 21
-105 12 -1
423 6 6
219 4 13
452 15 0
-469 5 -15
322 6 5
276 7 2
-363 12 -1
388 12 0
-241 6 -4
432 9 0
-427 12 -1
-251 5 -8
179 5 5
-89 10 -1
6 11 0
256 2 64
-26 1 -13
93 12 0
-373 2 -94
-357 15 -1
-347 15 -1
-150 9 -1
88 7 0
405 12 0
-149 5 -5
261 5 8
-477 10 -1
18 9 0
252 11 0
-135 11 -1
431 1 215
410 13 0
-217 11 -1
156 15 0
-44 6 -1
312 1 156
241 3 30
437 7 3
22 12 0
-117 6 -2
-419 3 -53
-215 7 -2
123 2 30
-302 10 -1
-45 6 -1
85 15 0
-76 14 -1
237 1 118
-401 8 -2
374 6 5
239 4 14
-277 11 -1
401 2 100
400 6 6
83 3 10
-488 1 -244
-76 9 -1
-21 9 -1
419 9 0
21 6 0
287 12 0
-507 9 -1
-483 9 -1
43 2 10
454 2 113
75 14 0
463 14 0
-262 9 -1
510 8 1
307 15 0
-493 3 -62
237 3 29
-414 15 -1
-384 3 -48
-510 9 -1
294 11 0
-431 14 -1
-344 6 -6
458 5 14
-304 3 -38
204 11 0
-506 14 -1
65 11 0
-459 14 -1
97 15 0
-117 4 -8
-90 2 -23
236 11 0
-131 14 -1
-501 14 -1
132 1 66
284 9 0
-191 3 -24
-83 10 -1
402 1 201
276 12 0
-172 5 -6
-220 5 -7
-154 14 -1
-254 10 -1
-107 7 -1
-203 6 -4
236 4 14
-197 2 -50
302 12 0
-42 10 -1
502 14 0
341 4 21
160 11 0
-129 6 -3
-301 1 -151
-469 10 -1
-5 15 -1
369 14 0
-95 3 -12
-160 12 -1
227 13 0
-143 12 -1
-302 6 -5
391 1 195
134 6 2
23 13 0
-92 13 -1
357 3 44
-88 1 -44
144 8 0
-199 12 -1
415 1 207
-450 11 -1
377 11 0
-296 1 -148
217 12 0
15 3 1
416 9 0
-388 8 -2
-28 12 -1
274 9 0
410 11 0
-478 7 -4
251 15 0
-218 11 -1
122 1 61
370 15 0
-177 13 -1
295 5 9
15 13 0
-285 9 -1
-506 4 -32
297 5 9
-318 8 -2
-270 14 -1
96 7 0
170 7 1
479 2 119
93 9 0
216 1 108
-399 10 -1
-483 2 -121
154 12 0
-433 6 -7
490 9 0
-416 7 -4
-344 3 -43
36 5 1
307 8 1
-384 1 -192
-205 13 -1
-5 11 -1
-362 3 -46
-133 6 -3
332 6 5
385 9 0
-228 15 -1
-255 8 -1
157 3 19
-230 9 -1
316 11 0
181 5 5
229 6 3
85 7 0
-282 6 -5
374 1 187
-12 14 -1
-26 12 -1
287 5 8
270 6 4
-480 7 -4
386 15 0
-8 6 -1
-453 7 -4
98 7 0
-313 5 -10
-102 1 -51
469 10 0
470 4 29
-157 5 -5
-50 1 -25
389 7 3
169 4 10
77 12 0
228 5 7
-403 8 -2
335 9 0
479 11 0
-480 2 -120
-349 6 -6
-472 14 -1
227 6 3
-16 5 -1
32 9 0
173 10 0
103 13 0
348 3 43
105 14 0
-299 7 -3
-294 11 -1
-268 14 -1
194 2 48
-101 3 -13
238 10 0
79 13 0
-219 15 -1
80 11 0
324 12 0
-420 8 -2
14 9 0
506 3 63
439 11 0
248 15 0
258 4 16
388 6 6
-43 9 -1
-150 3 -19
-258 11 -1
279 15 0
-479 4 -30
281 5 8
-196 14 -1
205 14 0
221 7 1
-164 5 -6
195 11 0
-83 11 -1
97 11 0
326 8 1
-228 11 -1
-318 14 -1
-302 1 -151
-167 8 -1
67 12 0
-446 13 -1
326 7 2
242 2 60
-167 14 -1
-111 2 -28
-201 5 -7
-472 9 -1
110 2 27
246 15 0
282 13 0
245 6 3
-490 9 -1
-375 1 -188
-198 6 -4
501 5 15
262 8 1
-278 2 -70
274 6 4
-7 7 -1
-264 3 -33
282 1 141
386 13 0
-287 7 -3
-407 2 -102
-30 4 -2
499 8 1
-350 11 -1
-355 11 -1
137 1 68
231 7 1
-137 12 -1
-158 3 -20
-407 5 -13
-460 13 -1
25 9 0
504 7 3
334 5 10
-167 5 -6
-258 5 -9
215 4 13
345 8 1
-197 14 -1
-187 1 -94
-465 10 -1
33 11 0
-76 8 -1
313 12 0
236 6 3
483 13 0
-164 3 -21
-140 15 -1
71 4 4
212 8 0
215 8 0
220 12 0
-70 6 -2
-292 15 -1
204 12 0
-246 8 -1
320 3 40
84 12 0
199 9 0
185 2 46
191 4 11
-430 6 -7
-47 4 -3
422 1 211
356 1 178
-53 1 -27
181 6 2
-77 8 -1
-457 11 -1
8 2 2
-392 2 -98
-346 15 -1
28 15 0
161 5 5
284 9 0
-132 4 -9
134 11 0
-448 15 -1
-336 8 -2
-416 5 -13
-239 13 -1
404 14 0
102 15 0
-76 8 -1
341 10 0
342 14 0
504 14 0
334 9 0
-294 14 -1
-396 6 -7
448 7 3
-7 5 -1
-220 3 -28
-37 15 -1
-123 2 -31
-450 13 -1
324 5 10
206 1 103
-30 4 -2
446 10 0
-352 7 -3
-166 11 -1
450 3 56
304 1 152
338 6 5
220 12 0
-471 12 -1
191 10 0
309 9 0
-97 14 -1
-376 3 -47
-120 10 -1
248 1 124
-384 12 -1
356 11 0
31 5 0
-252 3 -32
112 15 0
-365 15 -1
194 14 0
-105 15 -1
-194 9 -1
485 13 0
-107 12 -1
-471 11 -1
-401 3 -51
341 6 5
-477 13 -1
303 1 151
11 3 1
-297 13 -1
77 9 0
173 9 0
220 10 0
-385 11 -1
476 5 14
29 3 3
154 15 0
-255 5 -8
-7 3 -1
-329 1 -165
-14 3 -2
-504 14 -1
-37 9 -1
237 11 0
-269 10 -1
-430 8 -2
97 3 12
-331 13 -1
-280 13 -1
-375 4 -24
-400 7 -4
-41 1 -21
-300 4 -19
-354 13 -1
176 8 0
172 13 0
-164 10 -1
-373 13 -1
333 10 0
250 4 15
96 11 0
391 3 48
-380 8 -2
173 1 86
397 8 1
208 10 0
-436 13 -1
-312 12 -1
-430 5 -14
383 7 2
241 4 15
-440 7 -4
269 2 67
240 1 120
-326 4 -21
0 2 0
-330 10 -1
393 8 1
-434 11 -1
335 10 0
258 12 0
-484 11 -1
-335 9 -1
78 13 0
-61 14 -1
111 14 0
91 11 0
-152 4 -10
150 6 2
1 13 0
336 9 0
-49 11 -1
-381 7 -3
-315 9 -1
182 9 0
232 9 0
-181 8 -1
-502 12 -1
208 10 0
-380 11 -1
130 4 8
185 3 23
-173 12 -1
448 15 0
99 8 0
-84 7 -1
358 1 179
48 1 24
198 5 6
267 10 0
336 4 21
314 7 2
-479 11 -1
205 13 0
-319 13 -1
419 8 1
100 13 0
-244 2 -61
58 14 0
-466 14 -1
-206 14 -1
-137 11 -1
-160 6 -3
325 11 0
-129 15 -1
131 6 2
325 11 0
269 2 67
-2 13 -1
142 11 0
465 7 3
-427 4 -27
317 2 79
-368 11 -1
5 8 0
-411 6 -7
-107 14 -1
242 5 7
354 5 11
-196 13 -1
-79 12 -1
367 10 0
-366 12 -1
317 10 0
488 12 0
508 4 31
132 11 0
-310 5 -10
2 12 0
-295 2 -74
-346 9 -1
-320 2 -80
288 11 0
-28 12 -1
-12 1 -6
351 8 1
-332 14 -1
45 9 0
462 6 7
-377 9 -1
392 6 6
455 6 7
-381 3 -48
419 7 3
483 6 7
245 10 0
-305 2 -77
-265 1 -133
-296 5 -10
261 7 2
-45 7 -1
22 9 0
-391 13 -1
-172 1 -86
-281 3 -36
52 14 0
441 6 6
-507 5 -16
470 6 7
-179 15 -1
-82 13 -1
-402 10 -1
447 2 111
56 14 0
-444 4 -28
-114 2 -29
480 14 0
-427 13 -1
244 13 0
281 7 2
486 6 7
-229 15 -1
135 8 0
450 9 0
487 9 0
264 5 8
-325 7 -3
-271 2 -68
161 1 80
188 13 0
-7 9 -1
348 7 2
300 12 0
105 8 0
407 15 0
-143 6 -3
208 8 0
416 2 104
363 15 0
-218 10 -1
102 2 25
55 10 0
226 13 0
265 5 8
-483 11 -1
-507 2 -127
-466 13 -1
116 6 1
476 14 0
137 9 0
338 4 21
-218 10 -1
-121 8 -1
284 11 0
-124 15 -1
-166 2 -42
455 10 0
157 5 4
277 15 0
342 7 2
-363 15 -1
113 5 3
83 4 5
-332 13 -1
-480 13 -1
-444 2 -111
272 3 34
-419 4 -27
342 8 1
313 13 0
444 10 0
107 2 26
128 5 4
305 7 2
267 15 0
-214 10 -1
331 10 0
-10 5 -1
229 2 57
-395 4 -25
321 2 80
130 8 0
-89 9 -1
35 9 0
501 13 0
8 3 1
-285 13 -1
-85 8 -1
173 10 0
304 1 152
-302 13 -1
-256 5 -8
-211 13 -1
501 2 125
334 14 0
208 11 0
254 1 127
-337 13 -1
171 1 85
269 7 2
146 12 0
-420 4 -27
-408 2 -102
353 3 44
409 5 12
-423 10 -1
14 7 0
443 7 3
111 1 55
229 10 0
-18 1 -9
74 11 0
259 6 4
323 5 10
511 15 0
-496 7 -4
-449 3 -57
-261 15 -1
89 6 1
52 11 0
426 1 213
110 10 0
335 14 0
323 11 0
19 6 0
136 8 0
-13 3 -2
470 8 1
322 15 0
164 15 0
-343 8 -2
-393 3 -50
-489 7 -4
-413 12 -1
423 9 0
-411 11 -1
-256 4 -16
323 10 0
269 9 0
178 4 11
378 9 0
182 4 11
-315 5 -10
-189 5 -6
-460 8 -2
378 15 0
86 6 1
-93 4 -6
417 13 0
88 10 0
-442 8 -2
-497 9 -1
178 3 22
311 4 19
-190 15 -1
-216 14 -1
-226 10 -1
57 1 28
460 13 0
-256 4 -16
314 7 2
129 9 0
370 1 185
383 15 0
106 4 6
-266 14 -1
-510 8 -2
384 1 192
-238 8 -1
263 11 0
349 6 5
-185 8 -1
294 9 0
-276 3 -35
-244 5 -8
-417 2 -105
478 5 14
412 3 51
-62 11 -1
373 11 0
381 5 11
509 4 31
-51 14 -1
-28 13 -1
469 15 0
260 6 4
236 7 1
162 13 0
338 15 0
5 1 2
2 4 0
-292 2 -73
-475 5 -15
192 6 3
-231 6 -4
-8 12 -1
232 13 0
-316 4 -20
113 12 0
388 4 24
228 1 114
-347 1 -174
130 14 0
-90 6 -2
-164 15 -1
463 8 1
194 6 3
131 5 4
-33 14 -1
-309 1 -155
-183 13 -1
100 13 0
-465 3 -59
41 9 0
428 5 13
93 8 0
244 9 0
-76 14 -1
-509 6 -8
472 15 0
93 13 0
-113 2 -29
-462 2 -116
155 1 77
368 10 0
-224 10 -1
12 9 0
78 13 0
159 3 19
-379 7 -3
-495 7 -4
145 1 72
467 5 14
254 1 127
-114 13 -1
372 10 0
352 4 22
-293 3 -37
408 3 51
-4 5 -1
-474 7 -4
-235 13 -1
201 3 25
35 6 0
-102 1 -51
-254 4 -16
-8 2 -2
-477 3 -60
466 14 0
57 3 7
-275 8 -2
-275 5 -9
112 1 56
-140 7 -2
126 13 0
-13 4 -1
239 12 0
247 11 0
84 8 0
169 9 0
-195 14 -1
332 8 1
-260 4 -17
372 8 1
-190 12 -1
-225 10 -1
-409 1 -205
-6 6 -1
331 11 0
136 1 68
-22 12 -1
494 12 0
403 2 100
-251 10 -1
431 2 107
457 3 57
-132 1 -66
-237 9 -1
37 14 0
-509 11 -1
-492 14 -1
-123 7 -1
-80 14 -1
-201 2 -51
498 8 1
347 10 0
-387 12 -1
223 10 0
333 6 5
-193 7 -2
157 13 0
-172 4 -11
-199 1 -100
-235 7 -2
-446 11 -1
61 13 0
-224 7 -2
497 6 7
250 6 3
170 2 42
283 10 0
50 1 25
-292 3 -37
288 3 36
279 8 1
-421 8 -2
76 14 0
128 1 64
-175 8 -1
-78 14 -1
-476 12 -1
38 11 0
0 15 0
61 8 0
-13 9 -1
-141 11 -1
322 10 0
378 9 0
-89 5 -3
464 1 232
-74 10 -1
-73 15 -1
-112 15 -1
291 1 145
-9 4 -1
-163 1 -82
-34 11 -1
30 11 0
-308 7 -3
-92 8 -1
342 2 85
-383 7 -3
277 2 69
375 5 11
-421 2 -106
-466 5 -15
-63 5 -2
295 10 0
-273 5 -9
-217 15 -1
-61 15 -1
-135 4 -9
-443 14 -1
-109 7 -1
316 2 79
-292 8 -2
307 5 9
-151 1 -76
397 9 0
224 4 14
504 9 0
-21 6 -1
259 6 4
288 5 9
497 14 0
-328 8 -2
320 4 20
-220 13 -1
-379 9 -1
-46 11 -1
163 7 1
-24 15 -1
374 4 23
-382 14 -1
-78 14 -1
228 5 7
-334 4 -21
369 11 0
326 9 0
-14 8 -1
-211 8 -1
-497 2 -125
-399 2 -100
-278 7 -3
-104 14 -1
224 2 56
507 1 253
164 10 0
306 2 76
-110 14 -1
238 5 7
58 6 0
498 7 3
-474 14 -1
-35 13 -1
-112 12 -1
302 15 0
-491 9 -1
47 4 2
-476 2 -119
442 4 27
-43 14 -1
-350 14 -1
363 7 2
-468 5 -15
358 9 0
-485 1 -243
-396 1 -198
-249 9 -1
45 9 0
-250 6 -4
-25 10 -1
485 1 242
412 3 51
-29 10 -1
-334 15 -1
-337 1 -169
-140 2 -35
286 4 17
-410 4 -26
-77 11 -1
-410 3 -52
-433 15 -1
-406 1 -203
-245 3 -31
-305 10 -1
244 9 0
-113 4 -8
-379 4 -24
-193 14 -1
-337 6 -6
372 9 0
-218 12 -1
301 15 0
377 6 5
332 15 0
217 1 108
-504 10 -1
-392 1 -196
380 3 47
467 6 7
-420 12 -1
-355 13 -1
-403 1 -202
460 13 0
186 8 0
86 9 0
-91 5 -3
63 12 0
-201 4 -13
-365 2 -92
-6 7 -1
495 7 3
8 10 0
-492 3 -62
476 2 119
-30 7 -1
76 2 19
141 15 0
-77 8 -1
-258 6 -5
182 15 0
233 7 1
413 5 12
-266 4 -17
193 15 0
-204 8 -1
-240 4 -15
151 10 0
310 7 2
262 15 0
22 4 1
332 4 20
273 11 0
505 12 0
387 13 0
426 3 53
-334 8 -2
31 10 0
-510 2 -128
-303 4 -19
441 2 110
-313 2 -79
-232 15 -1
56 6 0
194 1 97
-213 8 -1
-170 11 -1
11 13 0
445 3 55
-411 13 -1
495 2 123
-163 2 -41
-253 7 -2
-110 2 -28
313 14 0
-63 13 -1
-427 7 -4
117 6 1
506 4 31
235 6 3
233 13 0
181 6 2
-296 6 -5
-275 14 -1
80 10 0
264 11 0
-216 14 -1
440 7 3
-410 15 -1
-219 3 -28
-474 14 -1
-411 11 -1
326 2 81
43 4 2
-296 6 -5
-202 1 -101
71 13 0
26 7 0
-131 14 -1
-155 15 -1
-59 2 -15
-270 14 -1
203 10 0
293 14 0
201 11 0
-332 7 -3
-457 8 -2
-249 15 -1
-358 3 -45
156 2 39
-380 5 -12
141 1 70
-357 14 -1
-18 5 -1
278 4 17
-142 15 -1
-133 12 -1
423 6 6
321 9 0
324 2 81
-200 3 -25
-186 14 -1
-47 14 -1
-410 11 -1
275 14 0
33 7 0
402 9 0
-149 3 -19
229 6 3
-224 4 -14
2 13 0
-494 5 -16
-412 13 -1
-425 13 -1
-217 7 -2
-235 1 -118
39 14 0
-283 15 -1
20 13 0
292 9 0
-475 8 -2
311 8 1
179 9 0
-267 12 -1
-509 11 -1
-248 3 -31
17 14 0
-387 11 -1
323 15 0
244 8 0
202 3 25
371 11 0
-249 12 -1
219 4 13
-33 10 -1
-264 11 -1
-243 9 -1
148 11 0
-138 8 -1
-154 13 -1
137 9 0
395 9 0
397 6 6
-509 8 -2
468 8 1
155 10 0
183 9 0
240 3 30
-98 14 -1
-383 13 -1
444 7 3
47 10 0
-481 5 -16
-414 6 -7
116 14 0
221 1 110
-255 4 -16
188 10 0
-31 9 -1
-123 5 -4
-68 5 -3
397 6 6
3 2 0
446 10 0
352 3 44
294 2 73
150 9 0
59 2 14
320 10 0
505 9 0
211 6 3
475 1 237
184 10 0
130 4 8
439 14 0
452 9 0
484 2 121
-279 9 -1
-413 11 -1
-90 1 -45
458 4 28
108 6 1
471 9 0
340 3 42
92 7 0
401 11 0
-128 1 -64
327 10 0
-347 10 -1
124 6 1
497 8 1
-31 15 -1
-98 6 -2
-5 7 -1
-225 12 -1
-226 6 -4
173 12 0
328 9 0
201 4 12
-73 11 -1
-193 3 -25
129 15 0
-231 5 -8
67 6 1
-495 1 -248
294 11 0
-331 13 -1
-375 4 -24
-91 8 -1
168 13 0
378 8 1
227 10 0
-475 4 -30
168 5 5
-388 3 -49
-258 6 -5
272 4 17
-43 12 -1
-91 1 -46
425 7 3
-426 8 -2
-212 5 -7
283 13 0
-254 12 -1
-119 7 -1
112 5 3
349 12 0
351 6 5
-50 3 -7
-474 10 -1
80 11 0
-488 14 -1
41 4 2
-152 4 -10
-462 4 -29
100 8 0
-117 11 -1
-473 12 -1
-109 13 -1
-119 14 -1
207 2 51
229 11 0
203 3 25
-444 8 -2
-235 9 -1
102 8 0
-54 14 -1
404 11 0
78 4 4
-102 7 -1
92 13 0
120 7 0
-241 11 -1
-267 6 -5
-65 7 -1
-392 3 -49
350 7 2
-440 11 -1
-187 3 -24
344 10 0
-426 10 -1
-329 10 -1
39 7 0
229 14 0
389 6 6
-31 9 -1
398 10 0
-340 13 -1
215 4 13
467 4 29
-105 4 -7
434 7 3
465 10 0
-357 10 -1
-193 15 -1
201 9 0
-443 15 -1
381 9 0
221 12 0
-375 13 -1
-71 6 -2
388 14 0
458 7 3
177 1 88
-427 5 -14
-348 11 -1
76 3 9
393 10 0
-420 6 -7
437 8 1
-430 15 -1
245 8 0
-220 13 -1
-418 8 -2
-170 11 -1
267 14 0
-259 1 -130
34 3 4
-193 13 -1
60 3 7
469 6 7
-489 1 -245
-370 2 -93
511 2 127
107 15 0
-64 9 -1
-82 5 -3
-136 8 -1
-411 15 -1
402 6 6
452 14 0
64 5 2
-22 4 -2
141 5 4
-67 10 -1
-399 1 -200
-257 10 -1
115 13 0
-175 9 -1
-258 7 -3
67 8 0
172 2 43
-384 6 -6
-419 4 -27
-236 10 -1
-456 8 -2
-370 6 -6
394 4 24
-69 8 -1
456 5 14
210 7 1
-173 6 -3
-262 14 -1
-168 15 -1
51 8 0
349 8 1
-114 12 -1
-166 5 -6
-258 11 -1
-264 10 -1
-245 1 -123
-185 14 -1
-39 15 -1
-512 14 -1
472 9 0
315 12 0
61 2 15
-385 3 -49
-18 11 -1
215 10 0
61 2 15
-376 11 -1
248 3 31
285 5 8
183 15 0
171 13 0
-263 6 -5
349 13 0
336 7 2
-321 9 -1
-306 8 -2
171 7 1
376 10 0
177 12 0
-401 2 -101
277 7 2
-124 6 -2
-166 5 -6
353 4 22
-450 1 -225
234 6 3
325 15 0
-50 12 -1
-370 15 -1
-124 6 -2
413 12 0
-114 1 -57
-282 7 -3
-294 15 -1
-322 11 -1
125 3 15
-235 2 -59
-347 7 -3
379 12 0
-340 2 -85
-316 7 -3
189 14 0
69 1 34
-347 10 -1
-71 5 -3
95 10 0
-412 12 -1
473 9 0
-26 3 -4
158 7 1
-18 8 -1
285 10 0
197 5 6
-65 14 -1
-417 8 -2
-69 13 -1
330 13 0
397 8 1
-360 6 -6
474 14 0
-295 2 -74
62 14 0
253 7 1
454 8 1
-225 6 -4
-196 3 -25
-343 7 -3
256 9 0
-30 15 -1
-285 2 -72
359 4 22
492 8 1
274 13 0
-154 11 -1
254 11 0
62 11 0
-36 4 -3
-338 4 -22
-54 3 -7
7 1 3
-412 3 -52
-13 10 -1
-466 1 -233
-467 4 -30
-214 11 -1
-157 15 -1
-249 10 -1
-163 10 -1
105 8 0
73 10 0
71 6 1
-200 4 -13
507 9 0
471 7 3
231 5 7
-92 5 -3
-324 14 -1
-308 5 -10
-221 9 -1
-453 2 -114
-465 4 -30
137 6 2
-399 2 -100
-172 3 -22
-278 7 -3
-146 8 -1
-286 2 -72
29 14 0
312 9 0
370 15 0
-70 2 -18
283 14 0
-500 6 -8
218 15 0
-41 4 -3
-261 13 -1
-405 5 -13
-436 1 -218
268 8 1
272 12 0
-477 9 -1
-512 13 -1
388 14 0
-161 4 -11
330 6 5
-433 6 -7
69 7 0
42 8 0
499 6 7
393 15 0
-471 2 -118
-395 6 -7
187 6 2
43 15 0
91 13 0
223 10 0
-383 14 -1
81 1 40
131 11 0
299 12 0
-192 15 -1
111 7 0
188 6 2
-190 14 -1
-274 9 -1
326 5 10
471 12 0
363 2 90
-110 6 -2
243 12 0
269 4 16
417 12 0
48 3 6
-79 5 -3
-2 9 -1
-486 7 -4
292 8 1
-108 7 -1
191 7 1
-391 15 -1
-17 3 -3
-304 2 -76
-394 4 -25
-200 5 -7
189 3 23
-284 2 -71
-218 9 -1
230 14 0
361 6 5
-94 1 -47
218 6 3
-348 6 -6
-57 10 -1
502 3 62
3 14 0
-141 1 -71
-261 15 -1
-399 8 -2
221 12 0
64 7 0
459 5 14
450 3 56
347 12 0
510 13 0
286 13 0
261 12 0
-291 1 -146
270 12 0
290 8 1
-273 7 -3
286 4 17
436 10 0
19 7 0
-410 13 -1
106 13 0
-224 5 -7
-426 12 -1
-217 15 -1
-122 13 -1
-118 13 -1
205 15 0
131 1 65
-342 8 -2
-25 9 -1
153 6 2
305 2 76
-303 12 -1
-383 11 -1
264 11 0
-410 7 -4
-76 6 -2
-157 13 -1
-195 14 -1
298 3 37
-146 8 -1
141 15 0
148 3 18
-342 10 -1
-60 7 -1
-63 8 -1
436 3 54
-452 2 -113
468 11 0
280 7 2
437 12 0
359 4 22
-443 4 -28
385 9 0
431 1 215
-120 2 -30
62 3 7
-225 6 -4
256 11 0
354 12 0
313 1 156
291 4 18
2 4 0
-481 1 -241
-282 14 -1
-226 14 -1
-208 8 -1
-73 6 -2
269 10 0
-384 13 -1
-466 1 -233
-458 10 -1
502 5 15
359 15 0
383 10 0
-458 3 -58
12 9 0
-229 12 -1
-1 3 -1
35 2 8
-475 2 -119
221 9 0
-230 10 -1
-299 3 -38
340 9 0
-493 3 -62
162 11 0
499 7 3
101 2 25
-137 12 -1
96 1 48
-333 9 -1
349 14 0
59 14 0
190 12 0
256 9 0
-95 7 -1
415 12 0
-465 8 -2
-217 15 -1
-13 8 -1
105 7 0
-369 5 -12
-160 4 -10
-487 7 -4
-467 14 -1
61 10 0
118 3 14
481 9 0
-384 6 -6
192 15 0
-64 7 -1
-139 5 -5
-34 1 -17
360 5 11
188 9 0
45 4 2
511 3 63
-210 10 -1
-187 13 -1
154 6 2
420 5 13
-195 7 -2
222 4 13
-430 14 -1
488 2 122
295 7 2
-330 11 -1
67 13 0
-384 15 -1
-118 14 -1
355 10 0
18 10 0
-91 13 -1
174 8 0
480 3 60
-49 13 -1
-294 10 -1
478 7 3
433 7 3
-347 15 -1
19 3 2
128 14 0
-476 7 -4
493 5 15
358 8 1
-367 7 -3
-121 13 -1
40 8 0
182 13 0
-367 13 -1
-469 8 -2
165 3 20
40 10 0
363 10 0
257 7 2
388 13 0
398 11 0
85 12 0
-373 6 -6
-343 15 -1
33 5 1
301 1 150
156 5 4
133 14 0
138 4 8
374 8 1
-198 8 -1
215 10 0
-206 12 -1
391 14 0
237 15 0
-509 1 -255
-94 14 -1
-305 3 -39
472 2 118
-68 13 -1
-78 9 -1
-345 6 -6
-476 10 -1
-119 12 -1
273 14 0
-124 13 -1
73 15 0
144 9 0
-240 5 -8
243 8 0
-59 2 -15
249 7 1
284 13 0
-40 1 -20
139 6 2
-402 9 -1
161 13 0
-457 7 -4
-30 2 -8
208 7 1
30 2 7
-424 7 -4
-84 7 -1
231 3 28
-36 10 -1
-15 15 -1
143 14 0
-333 3 -42
-196 1 -98
357 7 2
-174 11 -1
55 13 0
-354 14 -1
110 13 0
470 7 3
-158 9 -1
345 13 0
361 6 5
26 12 0
43 4 2
368 13 0
-373 9 -1
-233 15 -1
-405 14 -1
-10 13 -1
-423 7 -4
-74 11 -1
-294 7 -3
-1 3 -1
-302 3 -38
-344 14 -1
452 11 0
-137 10 -1
285 15 0
63 9 0
-28 1 -14
-209 11 -1
-274 7 -3
-25 13 -1
432 10 0
-119 3 -15
-346 8 -2
-421 14 -1
-219 6 -4
302 10 0
-371 14 -1
-465 14 -1
183 15 0
-393 7 -4
277 9 0
71 1 35
430 8 1
-251 4 -16
128 11 0
354 6 5
-158 11 -1
-486 2 -122
-144 7 -2
-223 8 -1
66 5 2
47 9 0
-402 5 -13
126 14 0
61 3 7
-68 11 -1
455 10 0
-358 9 -1
-10 6 -1
299 8 1
218 12 0
-176 10 -1
260 4 16
-282 11 -1
362 4 22
-457 6 -8
-374 13 -1
-195 4 -13
473 13 0
110 15 0
263 14 0
-402 2 -101
151 12 0
-85 12 -1
-26 10 -1
422 4 26
263 1 131
473 3 59
-291 5 -10
-41 7 -1
-305 10 -1
-336 13 -1
113 13 0
69 2 17
381 15 0
222 11 0
250 10 0
440 12 0
-191 14 -1
191 1 95
-53 6 -1
224 2 56
485 6 7
289 11 0
447 6 6
280 7 2
9 8 0
217 8 0
-503 2 -126
225 9 0
-194 4 -13
307 8 1
-228 9 -1
424 13 0
-231 1 -116
-433 14 -1
204 14 0
95 4 5
290 15 0
304 7 2
433 12 0
-379 9 -1
-359 12 -1
359 9 0
487 15 0
366 15 0
-257 12 -1
299 2 74
279 15 0
-393 7 -4
-418 11 -1
350 12 0
199 13 0
-229 5 -8
259 6 4
18 7 0
422 3 52
-102 6 -2
85 11 0
-359 10 -1
-141 5 -5
125 2 31
-121 13 -1
363 15 0
-436 9 -1
-319 3 -40
494 1 247
-16 12 -1
-454 5 -15
-331 15 -1
-159 8 -1
184 15 0
-119 1 -60
-104 5 -4
293 11 0
398 10 0
-4 8 -1
282 14 0
53 13 0
124 14 0
365 1 182
476 2 119
57 5 1
-1 5 -1
1 14 0
-293 11 -1
-290 10 -1
-412 1 -206
150 3 18
52 15 0
473 15 0
-135 4 -9
-172 2 -43
-301 15 -1
342 4 21
-351 1 -176
-98 12 -1
273 10 0
-483 3 -61
-49 12 -1
-491 9 -1
-125 1 -63
-418 5 -14
36 10 0
334 14 0
321 5 10
12 3 1
349 15 0
270 11 0
-320 14 -1
439 9 0
-382 3 -48
279 2 69
427 15 0
-303 8 -2
100 3 12
335 7 2
91 12 0
-121 3 -16
300 3 37
-29 8 -1
-51 1 -26
43 2 10
-322 11 -1
-122 13 -1
458 5 14
-98 14 -1
387 3 48
266 11 0
432 4 27
-350 7 -3
438 12 0
113 5 3
-481 2 -121
-432 11 -1
-235 8 -1
-82 2 -21
-158 12 -1
-205 10 -1
215 13 0
-350 5 -11
287 2 71
34 7 0
-154 8 -1
-139 6 -3
-40 10 -1
-19 6 -1
-103 7 -1
57 4 3
285 8 1
-464 7 -4
362 4 22
-82 6 -2
497 9 0
334 5 10
-95 2 -24
-34 10 -1
-147 4 -10
401 3 50
297 9 0
-286 15 -1
94 8 0
-173 9 -1
320 9 0
-23 8 -1
-96 1 -48
-456 10 -1
506 4 31
-117 14 -1
-6 9 -1
-505 4 -32
-294 12 -1
-167 13 -1
449 8 1
-179 11 -1
-63 11 -1
-256 5 -8
-41 8 -1
-488 10 -1
-226 12 -1
349 1 174
494 8 1
-235 14 -1
229 14 0
-361 6 -6
-296 14 -1
-39 11 -1
-511 3 -64
177 4 11
433 4 27
363 4 22
-208 13 -1
-437 12 -1
-327 15 -1
63 4 3
478 15 0
135 8 0
52 4 3
460 2 115
-331 1 -166
-434 2 -109
5 2 1
-128 11 -1
17 1 8
91 13 0
-54 8 -1
-256 11 -1
-488 15 -1
-170 9 -1
-393 6 -7
-182 14 -1
356 15 0
285 3 35
-330 3 -42
356 9 0
72 6 1
98 4 6
-205 8 -1
-45 6 -1
-270 15 -1
128 12 0
200 12 0
431 13 0
446 10 0
346 14 0
-276 4 -18
369 15 0
-233 2 -59
-91 13 -1
-319 6 -5
450 8 1
220 12 0
439 12 0
-506 7 -4
438 14 0
-324 13 -1
125 14 0
388 15 0
335 6 5
335 7 2
-223 10 -1
-45 7 -1
167 8 0
244 7 1
-40 1 -20
-230 15 -1
93 13 0
485 1 242
-469 2 -118
312 3 39
-167 1 -84
399 6 6
382 8 1
484 1 242
121 5 3
429 3 53
-306 11 -1
335 3 41
170 13 0
-458 4 -29
-405 6 -7
324 7 2
-394 5 -13
-277 4 -18
108 1 54
-497 3 -63
-375 13 -1
-76 10 -1
383 9 0
485 12 0
-499 12 -1
-346 9 -1
-494 3 -62
27 14 0
-238 13 -1
380 8 1
-412 13 -1
428 8 1
228 7 1
33 7 0
-427 2 -107
507 7 3
129 8 0
70 7 0
-234 1 -117
-224 15 -1
-63 10 -1
-157 4 -10
-192 14 -1
365 6 5
-160 7 -2
-439 1 -220
34 11 0
-93 10 -1
-236 9 -1
-111 3 -14
484 11 0
207 14 0
-124 1 -62
39 10 0
25 10 0
328 7 2
201 3 25
-42 10 -1
327 9 0
423 7 3
448 6 7
-476 2 -119
307 13 0
412 14 0
-234 6 -4
258 9 0
8 10 0
-322 14 -1
-221 6 -4
-402 1 -201
-246 14 -1
-109 2 -28
22 7 0
-18 13 -1
246 11 0
445 9 0
-32 12 -1
-511 3 -64
487 11 0
105 11 0
337 15 0
-174 11 -1
-502 14 -1
-451 14 -1
-250 4 -16
310 3 38
-439 12 -1
294 8 1
-25 10 -1
-169 12 -1
340 7 2
-486 14 -1
210 6 3
313 10 0
185 14 0
216 8 0
446 8 1
425 9 0
-475 10 -1
198 12 0
-192 10 -1
-165 11 -1
-208 8 -1
-48 1 -24
-433 5 -14
-466 8 -2
450 4 28
435 14 0
113 7 0
10 11 0
-429 14 -1
-357 10 -1
118 9 0
175 7 1
286 6 4
318 14 0
-15 8 -1
17 8 0
433 4 27
49 5 1
420 14 0
204 1 102
-51 14 -1
184 9 0
-125 11 -1
239 5 7
-115 10 -1
-242 6 -4
119 11 0
-386 14 -1
202 4 12
-228 1 -114
467 15 0
-468 4 -30
105 9 0
365 12 0
-295 8 -2
156 15 0
-103 1 -52
485 12 0
-399 9 -1
-481 3 -61
-442 12 -1
351 13 0
209 1 104
-248 12 -1
-379 13 -1
-214 11 -1
493 10 0
268 1 134
428 10 0
-309 3 -39
470 4 29
445 9 0
256 14 0
445 4 27
322 7 2
99 15 0
-440 11 -1
87 8 0
-273 9 -1
482 6 7
-61 4 -4
184 4 11
-490 5 -16
-329 12 -1
203 12 0
229 12 0
-307 12 -1
-169 11 -1
248 10 0
81 14 0
448 5 14
408 5 12
-29 9 -1
444 12 0
119 5 3
298 5 9
100 11 0
-300 13 -1
-470 11 -1
-372 3 -47
93 8 0
147 4 9
-81 1 -41
357 5 11
-364 5 -12
-419 2 -105
230 2 57
182 5 5
-255 5 -8
415 5 12
-348 13 -1
-50 15 -1
-421 5 -14
-318 9 -1
-345 3 -44
302 14 0
84 5 2
-97 11 -1
501 2 125
264 5 8
499 14 0
160 5 5
-500 2 -125
277 7 2
369 1 184
-235 2 -59
-343 14 -1
245 11 0
70 11 0
110 13 0
-294 4 -19
280 4 17
63 6 0
120 4 7
14 12 0
423 9 0
-187 7 -2
-451 2 -113
-216 9 -1
307 6 4
-200 11 -1
3 15 0
426 3 53
-261 14 -1
203 2 50
395 15 0
45 13 0
-310 6 -5
502 10 0
-23 13 -1
-481 9 -1
165 14 0
-356 4 -23
-135 14 -1
-330 1 -165
237 9 0
457 8 1
-289 12 -1
-446 9 -1
154 14 0
161 6 2
-440 8 -2
194 2 48
-271 12 -1
-312 6 -5
164 11 0
361 9 0
-80 7 -1
-443 7 -4
-78 15 -1
-215 9 -1
-403 6 -7
462 12 0
-11 12 -1
-26 5 -1
-161 14 -1
388 8 1
-421 2 -106
-392 1 -196
-389 6 -7
-475 5 -15
415 7 3
-232 3 -29
327 14 0
128 4 8
-498 8 -2
-73 3 -10
-20 7 -1
-135 7 -2
272 15 0
200 12 0
150 1 75
-437 3 -55
372 5 11
-135 4 -9
379 4 23
296 2 74
-131 13 -1
323 8 1
-385 7 -4
325 6 5
90 4 5
202 11 0
-448 7 -4
45 12 0
-427 10 -1
-318 4 -20
-448 11 -1
346 15 0
220 11 0
457 2 114
-123 12 -1
-154 15 -1
376 3 47
116 4 7
408 4 25
-459 13 -1
232 7 1
-225 1 -113
-416 6 -7
113 10 0
91 11 0
-387 12 -1
-328 3 -41
370 14 0
-243 14 -1
-61 8 -1
482 4 30
13 5 0
459 7 3
187 2 46
-360 13 -1
-222 11 -1
-406 14 -1
-469 14 -1
-72 15 -1
333 5 10
-319 10 -1
-373 11 -1
254 12 0
-406 2 -102
339 6 5
220 13 0
505 6 7
64 4 4
279 15 0
139 11 0
-92 8 -1
-322 5 -11
-491 2 -123
304 8 1
-137 14 -1
198 15 0
-346 1 -173
376 10 0
-486 15 -1
-312 5 -10
108 8 0
486 14 0
-162 6 -3
215 14 0
-214 6 -4
410 12 0
-71 9 -1
-369 6 -6
397 6 6
-334 8 -2
84 10 0
-335 9 -1
282 2 70
-356 3 -45
447 5 13
481 1 240
-385 9 -1
-182 5 -6
153 1 76
164 13 0
-388 14 -1
-495 14 -1
368 1 184
-307 8 -2
207 12 0
22 1 11
375 1 187
-328 6 -6
188 1 94
-458 12 -1
492 7 3
69 7 0
426 9 0
81 2 20
194 8 0
50 7 0
-491 3 -62
-239 3 -30
136 2 34
498 6 7
267 4 16
80 4 5
314 7 2
-269 4 -17
-449 6 -8
24 9 0
-262 6 -5
-15 2 -4
-339 4 -22
-463 11 -1
-167 7 -2
332 9 0
379 11 0
-505 9 -1
87 13 0
-91 13 -1
490 6 7
-101 6 -2
461 1 230
277 12 0
367 15 0
410 10 0
-361 15 -1
431 7 3
364 13 0
61 10 0
-183 8 -1
-3 1 -2
196 9 0
302 2 75
154 13 0
-136 12 -1
-317 12 -1
-204 2 -51
110 3 13
498 10 0
-370 6 -6
-318 13 -1
470 12 0
-220 11 -1
-450 11 -1
-289 11 -1
393 8 1
279 9 0
457 3 57
302 4 18
-11 4 -1
56 4 3
-462 14 -1
-54 5 -2
309 7 2
-454 10 -1
-80 14 -1
494 1 247
-1 14 -1
-455 13 -1
172 8 0
338 15 0
-384 3 -48
337 12 0
325 1 162
-240 12 -1
-298 3 -38
-99 14 -1
-260 8 -2
-463 14 -1
-174 2 -44
374 14 0
36 8 0
104 2 26
224 15 0
162 11 0
-440 15 -1
-505 2 -127
-129 3 -17
137 7 1
53 11 0
-401 5 -13
451 7 3
456 12 0
-249 8 -1
128 15 0
-28 11 -1
-336 6 -6
125 4 7
132 7 1
236 2 59
-372 15 -1
374 4 23
38 2 9
90 6 1
157 11 0
-428 7 -4
7 14 0
42 9 0
-283 4 -18
121 6 1
169 5 5
-336 7 -3
377 9 0
163 10 0
212 12 0
99 7 0
455 9 0
-56 8 -1
388 9 0
15 2 3
25 14 0
305 7 2
218 2 54
46 7 0
92 15 0
404 3 50
-282 1 -141
148 15 0
-169 9 -1
-246 7 -2
-186 10 -1
-413 4 -26
-236 3 -30
181 10 0
-395 2 -99
-342 3 -43
-189 14 -1
365 10 0
427 15 0
-318 13 -1
345 14 0
-447 7 -4
175 12 0
-354 13 -1
217 3 27
383 5 11
-99 11 -1
-196 14 -1
461 12 0
218 5 6
314 3 39
-67 7 -1
-140 11 -1
-294 13 -1
136 3 17
483 12 0
-68 7 -1
-476 6 -8
314 3 39
168 9 0
335 11 0
338 13 0
-203 4 -13
-355 7 -3
376 8 1
-425 15 -1
-59 5 -2
413 1 206
141 15 0
258 12 0
16 12 0
277 9 0
28 7 0
-17 14 -1
-377 15 -1
-317 15 -1
166 10 0
152 14 0
-188 4 -12
-498 10 -1
447 3 55
-189 1 -95
-356 7 -3
-146 9 -1
199 1 99
-408 1 -204
281 12 0
420 4 26
416 13 0
246 13 0
-368 8 -2
-69 4 -5
457 5 14
-273 1 -137
-391 12 -1
317 2 79
334 8 1
-304 10 -1
-29 3 -4
-358 9 -1
439 10 0
-135 5 -5
457 5 14
160 10 0
280 6 4
453 13 0
300 14 0
362 8 1
-44 8 -1
-243 11 -1
332 13 0
-376 7 -3
328 14 0
215 12 0
-383 10 -1
-181 3 -23
-126 7 -1
13 14 0
-16 12 -1
313 4 19
172 11 0
-47 2 -12
-198 3 -25
286 11 0
-168 11 -1
189 9 0
14 2 3
-481 14 -1
-322 1 -161
131 12 0
11 7 0
180 3 22
502 2 125
496 4 31
-14 12 -1
11 15 0
-114 15 -1
-53 6 -1
-248 5 -8
-381 5 -12
-244 10 -1
-237 5 -8
210 8 0
294 2 73
-447 1 -224
21 8 0
-491 4 -31
55 12 0
-308 5 -10
293 15 0
454 1 227
-50 14 -1
469 11 0
-262 15 -1
213 6 3
-85 6 -2
-122 11 -1
-508 6 -8
-422 2 -106
-317 10 -1
36 7 0
-276 12 -1
0 1 0
-497 7 -4
-132 5 -5
-392 13 -1
291 4 18
376 3 47
129 1 64
-297 10 -1
274 6 4
164 15 0
75 15 0
-417 6 -7
-69 3 -9
407 10 0
-113 8 -1
-83 9 -1
120 5 3
-499 15 -1
219 1 109
90 8 0
43 3 5
-77 8 -1
95 15 0
-41 8 -1
-220 6 -4
219 9 0
473 9 0
59 9 0
259 6 4
213 7 1
-117 10 -1
350 6 5
158 10 0
198 5 6
-239 7 -2
26 8 0
-38 13 -1
-9 5 -1
-415 6 -7
98 13 0
-124 9 -1
-149 8 -1
281 5 8
251 2 62
355 4 22
-337 3 -43
-246 5 -8
-305 9 -1
-355 9 -1
7 14 0
-508 8 -2
-388 3 -49
-137 12 -1
257 14 0
319 13 0
-291 14 -1
114 4 7
384 9 0
303 10 0
-366 12 -1
428 4 26
29 13 0
85 14 0
79 2 19
-300 10 -1
-253 11 -1
-469 2 -118
-198 7 -2
-366 4 -23
-442 11 -1
-322 15 -1
453 4 28
155 6 2
-118 15 -1
-118 8 -1
42 13 0
-333 3 -42
296 7 2
89 15 0
-188 12 -1
70 7 0
272 5 8
-106 5 -4
495 9 0
-97 9 -1
203 11 0
-7 11 -1
337 5 10
342 12 0
-418 1 -209
-421 13 -1
320 11 0
-381 6 -6
-48 14 -1
16 7 0
-268 2 -67
-457 7 -4
-444 3 -56
493 5 15
-86 14 -1
415 13 0
263 5 8
-196 7 -2
272 2 68
-3 7 -1
11 7 0
435 8 1
323 6 5
-504 11 -1
-271 1 -136
130 7 1
-47 6 -1
118 2 29
266 3 33
-344 9 -1
288 2 72
-225 11 -1
483 9 0
-379 9 -1
134 9 0
-237 14 -1
155 9 0
228 7 1
328 14 0
-234 12 -1
218 9 0
420 5 13
425 11 0
14 11 0
-166 13 -1
-272 10 -1
-56 13 -1
-141 10 -1
-347 14 -1
-299 5 -10
140 14 0
80 11 0
267 14 0
-444 4 -28
365 12 0
-147 6 -3
-332 3 -42
-197 12 -1
393 15 0
-362 7 -3
10 8 0
362 11 0
358 10 0
-372 14 -1
389 13 0
-86 13 -1
-344 15 -1
336 8 1
352 6 5
-64 15 -1
-195 12 -1
-78 9 -1
71 9 0
299 10 0
43 1 21
-512 3 -64
-107 5 -4
246 12 0
-252 4 -16
-247 2 -62
-66 5 -3
332 11 0
-235 2 -59
342 4 21
71 6 1
42 13 0
358 8 1
-89 1 -45
-1 8 -1
-71 2 -18
87 15 0
98 1 49
-373 13 -1
-177 4 -12
118 1 59
-168 14 -1
-312 4 -20
-483 14 -1
-196 15 -1
511 13 0
-389 9 -1
-490 13 -1
431 13 0
340 2 85
250 11 0
147 2 36
137 3 17
15 12 0
46 7 0
-326 3 -41
87 7 0
-377 7 -3
478 3 59
-348 6 -6
-496 10 -1
-481 3 -61
220 14 0
34 8 0
299 11 0
85 8 0
200 14 0
-502 1 -251
-42 5 -2
-341 9 -1
-361 13 -1
501 6 7
198 2 49
-28 10 -1
101 7 0
281 2 70
390 10 0
-236 13 -1
-114 2 -29
277 5 8
430 15 0
-204 4 -13
-421 14 -1
411 13 0
392 2 98
22 14 0
452 1 226
397 3 49
-506 10 -1
-388 5 -13
-511 11 -1
-36 8 -1
-396 1 -198
454 9 0
121 7 0
404 2 101
-87 4 -6
-56 15 -1
117 15 0
459 2 114
-474 5 -15
-122 13 -1
-261 1 -131
-165 9 -1
410 6 6
155 8 0
93 10 0
-328 3 -41
360 8 1
-97 2 -25
-179 13 -1
-165 11 -1
346 2 86
-315 14 -1
233 12 0
-504 15 -1
-192 1 -96
-121 9 -1
479 5 14
149 5 4
-229 3 -29
507 14 0
-301 6 -5
-114 7 -1
-418 4 -27
340 7 2
-129 9 -1
220 14 0
283 2 70
300 5 9
386 13 0
-399 4 -25
39 2 9
-244 5 -8
376 5 11
-298 7 -3
0 6 0
-292 8 -2
-308 5 -10
-204 14 -1
-45 12 -1
238 2 59
-115 8 -1
321 12 0
-493 9 -1
-470 5 -15
363 9 0
24 2 6
-328 1 -164
185 8 0
206 11 0
392 4 24
212 3 26
-128 7 -1
-294 12 -1
-464 6 -8
-195 2 -49
188 3 23
-314 11 -1
-428 12 -1
124 15 0
-509 10 -1
403 13 0
-32 15 -1
-358 10 -1
218 13 0
-497 4 -32
193 11 0
-68 5 -3
366 4 22
-248 1 -124
192 8 0
375 2 93
319 10 0
-178 9 -1
-460 12 -1
497 10 0
146 6 2
-440 5 -14
-413 10 -1
373 2 93
97 5 3
-467 5 -15
171 12 0
-153 13 -1
404 12 0
443 15 0
402 10 0
-21 1 -11
426 13 0
-177 15 -1
351 1 175
-202 6 -4
-86 1 -43
-266 7 -3
-107 9 -1
485 9 0
-499 9 -1
-402 13 -1
-374 13 -1
186 10 0
291 6 4
374 6 5
-29 11 -1
-369 11 -1
398 2 99
503 15 0
269 14 0
12 1 6
-278 14 -1
-247 12 -1
-59 8 -1
150 7 1
284 2 71
-453 4 -29
373 1 186
-373 3 -47
132 10 0
-147 13 -1
147 1 73
375 15 0
-160 1 -80
290 1 145
-168 2 -42
-297 1 -149
162 11 0
-466 6 -8
263 5 8
189 12 0
196 11 0
420 13 0
-303 15 -1
160 12 0
260 10 0
239 7 1
152 10 0
-363 15 -1
119 15 0
-217 14 -1
-347 8 -2
163 11 0
-7 6 -1
-83 3 -11
292 14 0
-106 8 -1
-74 10 -1
-18 11 -1
-504 12 -1
-169 5 -6
-417 14 -1
-222 10 -1
-207 4 -13
299 11 0
-22 6 -1
-389 14 -1
465 14 0
90 1 45
-26 7 -1
60 11 0
480 12 0
-63 9 -1
-277 8 -2
209 12 0
103 1 51
406 2 101
-344 8 -2
-370 6 -6
-266 3 -34
213 4 13
-80 1 -40
-43 15 -1
-441 12 -1
428 1 214
227 6 3
196 7 1
-422 4 -27
-177 1 -89
368 6 5
262 1 131
75 1 37
135 13 0
382 7 2
-326 3 -41
317 3 39
-267 12 -1
-401 4 -26
231 13 0
-139 12 -1
-273 1 -137
158 12 0
369 1 184
204 1 102
346 15 0
111 15 0
374 9 0
269 4 16
-382 3 -48
217 13 0
-345 7 -3
201 3 25
-468 4 -30
196 2 49
460 11 0
308 10 0
-70 10 -1
-137 12 -1
448 14 0
85 5 2
-75 4 -5
-380 1 -190
-321 4 -21
493 8 1
375 12 0
103 3 12
-326 12 -1
-431 13 -1
358 1 179
-319 1 -160
298 4 18
130 9 0
12 15 0
-280 13 -1
-509 3 -64
453 15 0
-110 2 -28
-29 6 -1
-238 14 -1
468 5 14
168 12 0
232 7 1
439 9 0
-147 14 -1
-406 3 -51
471 3 58
130 5 4
-440 4 -28
214 9 0
406 12 0
86 2 21
-312 10 -1
194 5 6
-361 9 -1
96 14 0
223 5 6
187 15 0
-121 6 -2
461 5 14
61 1 30
-314 13 -1
-17 8 -1
358 1 179
-490 3 -62
-229 12 -1
1 1 0
-128 2 -32
250 10 0
-414 10 -1
-101 12 -1
484 13 0
-229 2 -58
-273 1 -137
93 8 0
-337 7 -3
360 2 90
81 10 0
-261 7 -3
366 3 45
250 9 0
-435 7 -4
-65 4 -5
289 12 0
155 11 0
355 5 11
-248 11 -1
-395 1 -198
-471 9 -1
360 10 0
-292 11 -1
-486 3 -61
-89 6 -2
465 2 116
-132 2 -33
454 10 0
-86 6 -2
30 3 3
-391 8 -2
-80 12 -1
-436 14 -1
120 6 1
25 10 0
354 5 11
-25 12 -1
103 5 3
26 13 0
-96 11 -1
280 5 8
-113 4 -8
-353 15 -1
-376 2 -94
58 11 0
271 6 4
-223 7 -2
230 13 0
-296 15 -1
-402 12 -1
336 11 0
-319 13 -1
-108 12 -1
-129 9 -1
491 1 245
-80 1 -40
250 13 0
-58 9 -1
-391 6 -7
391 14 0
-424 11 -1
122 3 15
503 5 15
-76 10 -1
-46 5 -2
-436 6 -7
-458 3 -58
-272 5 -9
500 11 0
70 10 0
-454 14 -1
319 3 39
-466 14 -1
228 15 0
89 1 44
299 13 0
-440 13 -1
-40 6 -1
-498 13 -1
104 1 52
228 6 3
-320 10 -1
298 9 0
77 4 4
277 4 17
-168 7 -2
474 15 0
339 5 10
348 12 0
-405 2 -102
353 13 0
258 15 0
-370 7 -3
-402 15 -1
200 6 3
-239 7 -2
73 10 0
-29 5 -1
-300 13 -1
-419 2 -105
16 1 8
413 3 51
-360 14 -1
-163 5 -6
288 13 0
-19 11 -1
-475 5 -15
-207 7 -2
415 10 0
-102 14 -1
122 7 0
-385 5 -13
-278 15 -1
-39 15 -1
-476 4 -30
45 11 0
378 15 0
-302 14 -1
124 2 31
-219 10 -1
30 2 7
-402 8 -2
58 10 0
165 1 82
108 5 3
473 9 0
503 2 125
392 14 0
35 4 2
491 1 245
489 7 3
-123 8 -1
-505 1 -253
-295 10 -1
-122 2 -31
-320 13 -1
194 7 1
185 13 0
324 4 20
-484 10 -1
-141 8 -1
329 2 82
439 4 27
102 3 12
-199 11 -1
421 1 210
-440 10 -1
317 7 2
11 15 0
-58 2 -15
-115 14 -1
-489 4 -31
-426 15 -1
-56 8 -1
482 1 241
359 5 11
-288 1 -144
315 4 19
434 8 1
-385 12 -1
-210 4 -14
237 15 0
-163 12 -1
45 6 0
270 10 0
484 4 30
-104 3 -13
436 14 0
434 4 27
-341 15 -1
-14 6 -1
-512 4 -32
-239 8 -1
313 3 39
397 8 1
-121 12 -1
217 7 1
490 6 7
137 13 0
-307 9 -1
-382 11 -1
-200 8 -1
510 5 15
230 2 57
-205 3 -26
3 3 0
-175 7 -2
-129 12 -1
-316 7 -3
79 4 4
340 7 2
146 4 9
-413 15 -1
443 13 0
-320 13 -1
200 2 50
264 9 0
267 7 2
-103 5 -4
202 8 0
-361 1 -181
-1 4 -1
-463 12 -1
369 2 92
-189 11 -1
-134 3 -17
351 13 0
133 2 33
-334 9 -1
194 4 12
-211 7 -2
280 4 17
233 11 0
1 5 0
429 3 53
509 12 0
355 12 0
-400 11 -1
392 5 12
161 6 2
426 6 6
309 14 0
231 15 0
80 7 0
126 5 3
420 4 26
-253 14 -1
256 8 1
302 12 0
205 4 12
-383 6 -6
381 4 23
-502 3 -63
101 10 0
197 3 24
-85 12 -1
-11 1 -6
72 9 0
160 3 20
-222 15 -1
329 12 0
18 6 0
397 13 0
-108 2 -27
-205 2 -52
468 10 0
352 4 22
349 11 0
248 10 0
-184 12 -1
-422 6 -7
-9 5 -1
142 6 2
-163 5 -6
-65 8 -1
409 7 3
171 10 0
282 11 0
-321 12 -1
255 6 3
-507 8 -2
-474 4 -30
203 5 6
-466 11 -1
488 6 7
-85 6 -2
-499 1 -250
-292 14 -1
-305 6 -5
20 6 0
-490 1 -245
-506 6 -8
-318 1 -159
-203 8 -1
-403 14 -1
-217 13 -1
-16 4 -1
-347 4 -22
-217 4 -14
256 4 16
213 9 0
-31 4 -2
-2 11 -1
-181 13 -1
-430 1 -215
-191 13 -1
-357 11 -1
275 9 0
164 4 10
420 1 210
392 12 0
28 14 0
268 2 67
286 10 0
448 11 0
-164 8 -1
-31 1 -16
144 11 0
34 15 0
-478 7 -4
296 11 0
-37 5 -2
442 5 13
-330 3 -42
329 7 2
500 14 0
-287 10 -1
-83 14 -1
353 2 88
6 2 1
-171 5 -6
-302 10 -1
-429 3 -54
342 6 5
-38 12 -1
439 2 109
-30 2 -8
-436 14 -1
-270 7 -3
-91 3 -12
80 15 0
-44 5 -2
-278 2 -70
-304 4 -19
25 2 6
-472 11 -1
483 8 1
-459 1 -230
-502 1 -251
281 1 140
-410 6 -7
-324 9 -1
-25 11 -1
204 4 12
-186 4 -12
132 15 0
-383 7 -3
-255 7 -2
38 9 0
-68 10 -1
-37 1 -19
-351 3 -44
-365 4 -23
445 2 111
-175 1 -88
-297 1 -149
-433 7 -4
139 10 0
53 12 0
-235 12 -1
-168 8 -1
-502 11 -1
-185 2 -47
195 12 0
-264 2 -66
-286 9 -1
-167 15 -1
330 12 0
148 2 37
89 2 22
100 5 3
-54 12 -1
-258 8 -2
-386 15 -1
486 11 0
164 11 0
248 11 0
-444 2 -111
-102 12 -1
109 14 0
-6 15 -1
257 8 1
369 13 0
-401 10 -1
203 3 25
-466 14 -1
348 12 0
-20 13 -1
-280 9 -1
-24 10 -1
-43 15 -1
-223 5 -7
-269 14 -1
-427 5 -14
-181 10 -1
202 15 0
-241 14 -1
-378 3 -48
-75 1 -38
37 13 0
115 2 28
-19 13 -1
-26 10 -1
38 12 0
318 5 9
13 12 0
438 3 54
-138 2 -35
-299 15 -1
485 15 0
-151 11 -1
327 15 0
-60 14 -1
2 4 0
-342 6 -6
-32 9 -1
-508 11 -1
361 14 0
333 6 5
29 11 0
-396 5 -13
103 6 1
-150 7 -2
-170 11 -1
177 5 5
-250 13 -1
-477 4 -30
301 12 0
418 5 13
177 14 0
152 3 19
-293 12 -1
-430 2 -108
-386 3 -49
331 4 20
359 2 89
-396 9 -1
459 2 114
-173 6 -3
62 13 0
-225 12 -1
-151 10 -1
-391 6 -7
6 8 0
328 5 10
478 15 0
-223 6 -4
-263 8 -2
-439 12 -1
-320 10 -1
317 3 39
67 15 0
172 14 0
-464 2 -116
-295 10 -1
-413 7 -4
-72 13 -1
-292 1 -146
348 2 87
61 9 0
123 13 0
494 3 61
-388 13 -1
-225 7 -2
127 9 0
77 9 0
221 14 0
-11 14 -1
309 14 0
71 1 35
239 5 7
187 1 93
106 5 3
170 7 1
346 3 43
65 10 0
-117 6 -2
1 1 0
-349 13 -1
407 15 0
395 9 0
272 6 4
246 5 7
61 4 3
-117 4 -8
264 13 0
-252 12 -1
339 15 0
243 13 0
135 7 1
-63 15 -1
-211 5 -7
-71 2 -18
-369 12 -1
475 10 0
169 12 0
472 11 0
-262 13 -1
312 4 19
-167 15 -1
220 3 27
97 11 0
165 4 10
306 4 19
-193 10 -1
-335 5 -11
194 15 0
-116 6 -2
318 13 0
-401 12 -1
159 13 0
42 1 21
-254 7 -2
288 15 0
235 3 29
-293 2 -74
476 11 0
306 15 0
-302 1 -151
-95 11 -1
-177 12 -1
339 15 0
-330 10 -1
-24 1 -12
112 13 0
98 10 0
-241 8 -1
398 13 0
-24 2 -6
-340 2 -85
190 9 0
-227 7 -2
-105 11 -1
6 4 0
71 15 0
121 1 60
-230 2 -58
-358 14 -1
-274 13 -1
-189 3 -24
-221 2 -56
371 3 46
105 10 0
307 13 0
-501 9 -1
182 14 0
-417 1 -209
297 10 0
-3 1 -2
17 6 0
19 6 0
67 4 4
59 9 0
324 6 5
-336 13 -1
159 9 0
-159 15 -1
346 3 43
-66 5 -3
-299 5 -10
251 13 0
-152 14 -1
-308 15 -1
45 9 0
-340 14 -1
222 14 0
182 9 0
-384 11 -1
-184 8 -1
-50 13 -1
-64 12 -1
-265 9 -1
495 8 1
274 3 34
-99 3 -13
-6 4 -1
313 2 78
-135 11 -1
362 3 45
-102 10 -1
-27 10 -1
-327 10 -1
275 10 0
115 2 28
66 14 0
-486 14 -1
-426 7 -4
490 13 0
-458 12 -1
272 6 4
-84 14 -1
-312 5 -10
230 9 0
456 12 0
-10 13 -1
6 5 0
266 3 33
-86 1 -43
-367 3 -46
296 8 1
-318 11 -1
259 5 8
-47 5 -2
-372 11 -1
-495 2 -124
-376 7 -3
479 14 0
304 7 2
367 11 0
390 10 0
-219 11 -1
-407 13 -1
-418 14 -1
-318 12 -1
334 12 0
-331 11 -1
-320 3 -40
-425 2 -107
103 9 0
-100 3 -13
-426 6 -7
-422 2 -106
-414 2 -104
52 7 0
457 5 14
-139 2 -35
-157 13 -1
200 8 0
166 13 0
232 13 0
203 3 25
-263 6 -5
-506 7 -4
162 3 20
237 3 29
-125 6 -2
397 2 99
-12 10 -1
-100 14 -1
-76 11 -1
-96 5 -3
-99 9 -1
403 5 12
-256 1 -128
-464 8 -2
-148 9 -1
105 9 0
347 13 0
167 2 41
-428 13 -1
224 1 112
238 3 29
-228 10 -1
416 12 0
-146 13 -1
215 6 3
-419 7 -4
429 3 53
-14 14 -1
147 6 2
224 7 1
-236 5 -8
-198 10 -1
-83 8 -1
-23 7 -1
247 15 0
287 12 0
474 2 118
8 4 0
238 3 29
-343 5 -11
-198 7 -2
-215 9 -1
443 13 0
6 4 0
422 13 0
82 7 0
458 12 0
-8 13 -1
-295 13 -1
-75 7 -1
241 5 7
378 3 47
166 8 0
431 6 6
-197 14 -1
293 12 0
133 15 0
-108 4 -7
138 6 2
-497 12 -1
276 2 69
444 5 13
92 14 0
164 9 0
507 6 7
308 3 38
-269 15 -1
460 4 28
326 9 0
-337 12 -1
-492 11 -1
-296 14 -1
-207 15 -1
491 7 3
-315 9 -1
-300 6 -5
299 12 0
27 7 0
-489 11 -1
227 2 56
-24 1 -12
-272 6 -5
-134 6 -3
266 12 0
-449 15 -1
276 10 0
-494 5 -16
-260 4 -17
450 11 0
-144 9 -1
-217 4 -14
107 13 0
-465 8 -2
-118 14 -1
495 11 0
42 9 0
364 2 91
280 14 0
469 14 0
342 15 0
-432 5 -14
341 10 0
-500 14 -1
398 15 0
-224 13 -1
-209 12 -1
326 3 40
283 11 0
-390 4 -25
266 7 2
67 9 0
-124 13 -1
-476 2 -119
111 3 13
9 13 0
319 8 1
-233 15 -1
-416 5 -13
295 13 0
241 9 0
434 10 0
-79 12 -1
267 3 33
-386 10 -1
442 2 110
-288 2 -72
-253 11 -1
-296 4 -19
-198 6 -4
-271 10 -1
140 6 2
-18 11 -1
105 15 0
328 7 2
55 14 0
-400 6 -7
-368 3 -46
479 2 119
-397 7 -4
-503 15 -1
496 9 0
-86 7 -1
-271 4 -17
413 5 12
143 1 71
127 9 0
-45 11 -1
382 14 0
300 10 0
173 10 0
385 2 96
-182 11 -1
329 9 0
-239 13 -1
-401 5 -13
438 1 219
213 7 1
220 1 110
-333 5 -11
-488 12 -1
-431 4 -27
125 14 0
-115 1 -58
-437 12 -1
28 12 0
-13 5 -1
437 5 13
65 6 1
157 13 0
-377 8 -2
-127 11 -1
135 13 0
246 13 0
-496 1 -248
-377 4 -24
-146 1 -73
120 4 7
-4 10 -1
-277 3 -35
-84 2 -21
-414 8 -2
367 13 0
-326 15 -1
-136 13 -1
32 7 0
-213 6 -4
-181 14 -1
33 13 0
505 5 15
-155 2 -39
120 4 7
488 8 1
453 11 0
20 15 0
79 5 2
29 3 3
275 2 68
86 11 0
308 10 0
93 9 0
-509 15 -1
-92 15 -1
85 4 5
-102 3 -13
-194 5 -7
293 7 2
198 2 49
104 4 6
-443 4 -28
118 6 1
-208 14 -1
242 11 0
-215 9 -1
-380 5 -12
-209 14 -1
-193 5 -7
-180 15 -1
-448 14 -1
43 2 10
468 14 0
40 5 1
116 5 3
488 15 0
-202 6 -4
-462 10 -1
-337 4 -22
511 12 0
-65 1 -33
196 2 49
134 12 0
-330 4 -21
143 3 17
-149 11 -1
-155 13 -1
341 5 10
120 3 15
-292 1 -146
-341 1 -171
-344 4 -22
114 6 1
-57 5 -2
-32 12 -1
15 11 0
88 9 0
-33 7 -1
-279 5 -9
315 11 0
468 9 0
474 3 59
-268 3 -34
486 6 7
-39 9 -1
36 10 0
-73 1 -37
-62 8 -1
168 2 42
3 14 0
33 6 0
335 9 0
440 9 0
489 12 0
20 8 0
89 10 0
-227 1 -114
-362 7 -3
492 10 0
67 15 0
-57 1 -29
-492 12 -1
499 3 62
-422 10 -1
462 1 231
445 8 1
386 2 96
-63 11 -1
-31 10 -1
-368 10 -1
281 3 35
176 14 0
327 7 2
-192 14 -1
298 6 4
400 7 3
-288 5 -9
170 6 2
121 14 0
147 12 0
-136 10 -1
-440 3 -55
114 3 14
475 12 0
428 3 53
395 6 6
-190 4 -12
-128 13 -1
85 15 0
26 11 0
-270 1 -135
261 2 65
-11 15 -1
58 12 0
496 12 0
-137 14 -1
-404 1 -202
182 1 91
-106 10 -1
-330 4 -21
469 14 0
369 3 46
229 10 0
121 3 15
-234 12 -1
-451 10 -1
-55 8 -1
14 4 0
323 14 0
145 1 72
113 8 0
437 4 27
202 11 0
-326 14 -1
-331 6 -6
281 12 0
499 12 0
397 13 0
106 12 0
-158 4 -10
-170 9 -1
-109 4 -7
399 15 0
511 1 255
-323 2 -81
-438 13 -1
208 15 0
-109 9 -1
-419 14 -1
-43 2 -11
47 6 0
406 3 50
414 8 1
346 6 5
-304 14 -1
14 12 0
440 3 55
161 12 0
-9 13 -1
-386 1 -193
-100 13 -1
-346 10 -1
258 8 1
111 13 0
-147 15 -1
218 10 0
-177 15 -1
-253 5 -8
57 11 0
-292 4 -19
304 15 0
50 8 0
486 14 0
156 3 19
-9 7 -1
-428 3 -54
355 5 11
261 11 0
-449 10 -1
67 13 0
-341 10 -1
107 15 0
349 14 0
279 1 139
61 10 0
232 12 0
-410 2 -103
-92 3 -12
60 2 15
-308 8 -2
101 3 12
357 8 1
-80 13 -1
90 8 0
166 15 0
-303 12 -1
-197 6 -4
210 13 0
76 3 9
-243 15 -1
-339 4 -22
426 10 0
-149 6 -3
411 1 205
140 3 17
-406 3 -51
-304 5 -10
487 6 7
263 2 65
-109 14 -1
-320 11 -1
-28 13 -1
-503 14 -1
-409 3 -52
-350 15 -1
-464 7 -4
207 9 0
313 6 4
80 4 5
185 9 0
229 13 0
458 8 1
-44 4 -3
346 8 1
219 7 1
-349 2 -88
-54 14 -1
482 4 30
-9 1 -5
158 5 4
454 3 56
98 15 0
-33 9 -1
-175 14 -1
-491 8 -2
338 9 0
-21 5 -1
-151 10 -1
475 1 237
31 6 0
183 1 91
292 3 36
331 6 5
438 8 1
26 4 1
-402 12 -1
-299 3 -38
276 7 2
52 15 0
133 14 0
37 7 0
-48 1 -24
-482 7 -4
78 14 0
-327 3 -41
-135 6 -3
-492 1 -246
296 8 1
176 8 0
372 4 23
-222 15 -1
66 14 0
-418 4 -27
-235 10 -1
254 15 0
-318 1 -159
-408 8 -2
449 4 28
389 1 194
307 4 19
-50 10 -1
473 14 0
405 11 0
-190 13 -1
-386 3 -49
164 6 2
-311 7 -3
-54 10 -1
-198 10 -1
-449 11 -1
-40 2 -10
-35 13 -1
363 14 0
35 12 0
-365 4 -23
-48 2 -12
-460 1 -230
255 6 3
274 11 0
-104 4 -7
312 4 19
-149 5 -5
36 5 1
263 14 0
88 9 0
177 15 0
414 4 25
-256 14 -1
-287 4 -18
434 1 217
-464 2 -116
-160 12 -1
-317 14 -1
478 5 14
121 7 0
184 7 1
304 5 9
190 8 0
41 9 0
377 2 94
509 2 127
289 8 1
-158 8 -1
-276 3 -35
452 8 1
-490 8 -2
-189 13 -1
-410 8 -2
52 12 0
324 11 0
5 13 0
-441 7 -4
436 5 13
244 13 0
342 11 0
3 14 0
275 5 8
223 10 0
354 6 5
-60 15 -1
-283 13 -1
-75 6 -2
-435 13 -1
181 3 22
-325 1 -163
64 10 0
460 2 115
375 12 0
356 6 5
51 10 0
52 8 0
318 10 0
396 4 24
-475 8 -2
-396 5 -13
43 7 0
-185 1 -93
356 5 11
151 7 1
27 12 0
-406 1 -203
246 11 0
280 3 35
199 6 3
507 7 3
393 3 49
-474 5 -15
186 12 0
-419 9 -1
225 8 0
-26 14 -1
-299 15 -1
-20 11 -1
330 5 10
145 9 0
382 6 5
-504 12 -1
-60 5 -2
141 5 4
111 12 0
-164 13 -1
452 7 3
118 5 3
489 15 0
-245 3 -31
-73 11 -1
158 13 0
-461 10 -1
-198 11 -1
-387 10 -1
279 14 0
-94 4 -6
-340 4 -22
-51 9 -1
119 11 0
374 12 0
338 4 21
330 7 2
-508 3 -64
-320 12 -1
99 12 0
-272 6 -5
-16 10 -1
183 8 0
327 7 2
191 9 0
-127 2 -32
-502 8 -2
-311 15 -1
479 12 0
-436 2 -109
-220 3 -28
256 9 0
471 8 1
490 1 245
164 13 0
-369 15 -1
-11 9 -1
-395 1 -198
-179 1 -90
414 5 12
-490 5 -16
395 13 0
-31 15 -1
-216 8 -1
-431 1 -216
103 5 3
370 6 5
198 10 0
-118 6 -2
-90 8 -1
95 2 23
461 13 0
502 13 0
-358 3 -45
477 3 59
459 3 57
-204 13 -1
-56 3 -7
-473 11 -1
-74 8 -1
-175 13 -1
-285 3 -36
-95 11 -1
410 5 12
-8 4 -1
300 14 0
-428 5 -14
311 13 0
-500 8 -2
-512 1 -256
405 6 6
384 4 24
-470 4 -30
388 5 12
454 13 0
228 15 0
19 14 0
-339 10 -1
-404 15 -1
424 12 0
-422 10 -1
435 14 0
-155 7 -2
369 9 0
160 5 5
-37 13 -1
237 11 0
99 2 24
118 1 59
-418 12 -1
301 14 0
-12 3 -2
381 4 23
-203 15 -1
361 4 22
445 11 0
284 5 8
215 3 26
487 2 121
331 7 2
-114 2 -29
407 4 25
-244 4 -16
-140 11 -1
413 11 0
33 14 0
56 4 3
-350 9 -1
-225 10 -1
193 10 0
-267 1 -134
-37 13 -1
-60 9 -1
-105 6 -2
242 4 15
-291 9 -1
328 15 0
-37 2 -10
177 8 0
-325 14 -1
15 11 0
-423 5 -14
-329 13 -1
397 3 49
134 5 4
-235 12 -1
-370 13 -1
-44 12 -1
497 4 31
163 11 0
149 6 2
107 12 0
388 5 12
297 1 148
-63 7 -1
-59 4 -4
291 9 0
305 13 0
-124 1 -62
15 4 0
325 8 1
371 6 5
-195 11 -1
43 10 0
283 15 0
334 10 0
-502 15 -1
-81 5 -3
-383 15 -1
181 3 22
235 4 14
172 2 43
426 6 6
-65 15 -1
125 15 0
187 14 0
21 8 0
39 6 0
-22 2 -6
378 9 0
231 7 1
197 9 0
42 12 0
-327 4 -21
-476 5 -15
11 8 0
-169 5 -6
-36 8 -1
217 11 0
382 4 23
225 9 0
461 2 115
-89 6 -2
188 3 23
415 10 0
370 1 185
471 3 58
77 14 0
-155 9 -1
10 6 0
-395 8 -2
-397 8 -2
446 8 1
99 3 12
382 9 0
47 9 0
-36 14 -1
-276 14 -1
29 10 0
-269 7 -3
-56 10 -1
-284 8 -2
-374 7 -3
-63 5 -2
205 8 0
-330 4 -21
-217 9 -1
-492 11 -1
-97 14 -1
-438 9 -1
-177 14 -1
102 8 0
-25 6 -1
-509 13 -1
158 10 0
163 8 0
258 8 1
406 6 6
425 2 106
56 15 0
12 15 0
141 13 0
361 14 0
394 11 0
-306 15 -1
-468 4 -30
-354 15 -1
424 11 0
237 15 0
337 13 0
-239 11 -1
-120 2 -30
-435 6 -7
378 1 189
-92 3 -12
92 7 0
160 1 80
-185 11 -1
-175 3 -22
-60 7 -1
36 14 0
-94 6 -2
123 13 0
-90 11 -1
270 9 0
260 15 0
-269 6 -5
83 2 20
508 2 127
317 4 19
-254 3 -32
419 8 1
-484 13 -1
-175 15 -1
444 7 3
318 6 4
-82 3 -11
-250 3 -32
178 8 0
-65 9 -1
283 5 8
72 8 0
13 11 0
372 1 186
178 6 2
360 8 1
501 3 62
-111 13 -1
311 6 4
3 2 0
133 5 4
402 14 0
-509 11 -1
202 9 0
-456 6 -8
336 9 0
144 3 18
439 15 0
164 11 0
-224 7 -2
191 6 2
-300 5 -10
-190 11 -1
453 6 7
-379 9 -1
398 11 0
54 6 0
-394 1 -197
-492 9 -1
-65 10 -1
-179 5 -6
316 6 4
489 13 0
261 11 0
-49 14 -1
474 11 0
-149 5 -5
158 4 9
-271 9 -1
-133 6 -3
-489 15 -1
-200 5 -7
-109 7 -1
-156 4 -10
53 2 13
-447 10 -1
23 6 0
331 12 0
-450 14 -1
-48 15 -1
382 7 2
428 1 214
7 8 0
-128 4 -8
93 3 11
181 15 0
-242 1 -121
65 8 0
193 2 48
71 13 0
132 2 33
327 14 0
-210 14 -1
-413 8 -2
-425 13 -1
-102 11 -1
95 3 11
353 9 0
69 12 0
366 7 2
-214 12 -1
-452 2 -113
288 9 0
-224 12 -1
-38 2 -10
-74 5 -3
77 3 9
-410 8 -2
-138 2 -35
396 8 1
220 6 3
-301 6 -5
343 1 171
225 9 0
-355 8 -2
-49 8 -1
157 5 4
275 12 0
9 9 0
-249 13 -1
137 7 1
-455 9 -1
-286 5 -9
-11 13 -1
217 6 3
250 10 0
86 13 0
-216 10 -1
213 5 6
-207 10 -1
-441 3 -56
-42 10 -1
-209 10 -1
428 4 26
-68 11 -1
-417 12 -1
-8 6 -1
-197 13 -1
-196 15 -1
-491 9 -1
340 12 0
-309 7 -3
166 15 0
-36 10 -1
-274 14 -1
492 12 0
-53 14 -1
84 4 5
-244 1 -122
227 6 3
-427 2 -107
331 2 82
-74 7 -1
-333 5 -11
381 2 95
134 4 8
107 6 1
-90 14 -1
-54 9 -1
-4 15 -1
52 3 6
-362 15 -1
372 9 0
-89 11 -1
-230 7 -2
-240 1 -120
-302 10 -1
387 5 12
376 10 0
410 4 25
190 6 2
-25 4 -2
5 1 2
203 6 3
-100 13 -1
161 4 10
-59 4 -4
365 2 91
-434 8 -2
139 5 4
18 3 2
60 10 0
498 12 0
-27 7 -1
217 12 0
433 10 0
295 3 36
-360 2 -90
-512 12 -1
-348 5 -11
50 10 0
-439 15 -1
-383 2 -96
204 11 0
201 7 1
-241 2 -61
-460 5 -15
-83 6 -2
219 7 1
15 11 0
-52 9 -1
-95 14 -1
483 14 0
379 10 0
74 13 0
-171 13 -1
214 11 0
-280 6 -5
-60 8 -1
36 14 0
-158 11 -1
289 14 0
319 10 0
-133 13 -1
-286 12 -1
-507 8 -2
92 14 0
47 6 0
508 15 0
146 10 0
511 9 0
431 3 53
98 5 3
-504 9 -1
-216 7 -2
177 7 1
209 1 104
175 11 0
-417 11 -1
-251 3 -32
-400 11 -1
-282 3 -36
-167 14 -1
384 14 0
-316 3 -40
162 3 20
-246 11 -1
-340 2 -85
-411 12 -1
453 4 28
314 12 0
494 2 123
171 3 21
117 13 0
411 15 0
466 6 7
-31 4 -2
-416 6 -7
-142 12 -1
-373 7 -3
-132 3 -17
34 8 0
314 4 19
-284 10 -1
423 12 0
-425 10 -1
399 5 12
283 8 1
190 9 0
124 12 0
-130 2 -33
-264 2 -66
250 2 62
-480 2 -120
234 13 0
-180 1 -90
-504 8 -2
466 4 29
374 15 0
291 12 0
-59 1 -30
-91 7 -1
495 5 15
-211 12 -1
222 10 0
380 1 190
-481 13 -1
-137 2 -35
-102 6 -2
-217 2 -55
365 4 22
384 7 3
331 9 0
-118 8 -1
82 2 20
-209 7 -2
104 11 0
-322 3 -41
503 4 31
-91 11 -1
-274 14 -1
-415 9 -1
489 9 0
353 9 0
-448 12 -1
154 6 2
-322 5 -11
80 2 20
233 13 0
464 8 1
165 7 1
345 4 21
-202 9 -1
319 8 1
269 6 4
-40 8 -1
249 10 0
-264 10 -1
216 12 0
86 11 0
-206 2 -52
-251 6 -4
50 10 0
30 3 3
252 14 0
-130 2 -33
-494 7 -4
-85 5 -3
128 3 16
73 6 1
-426 15 -1
-60 12 -1
510 1 255
-276 12 -1
-204 6 -4
-336 13 -1
9 10 0
-44 15 -1
-421 1 -211
-491 2 -123
-421 14 -1
-302 3 -38
-241 10 -1
-158 6 -3
347 6 5
467 6 7
304 3 38
-250 11 -1
-51 5 -2
409 8 1
-160 15 -1
-48 13 -1
491 12 0
-413 10 -1
-96 14 -1
374 14 0
-387 9 -1
-141 4 -9
-3 9 -1
-278 11 -1
508 13 0
-384 3 -48
-203 9 -1
-137 9 -1
-140 12 -1
227 4 14
20 2 5
256 11 0
-143 2 -36
-256 4 -16
-386 7 -4
-457 6 -8
420 13 0
298 7 2
224 2 56
182 3 22
81 4 5
71 10 0
-152 5 -5
-132 1 -66
417 2 104
-441 1 -221
-508 14 -1
219 12 0
149 8 0
-201 4 -13
138 4 8
-83 14 -1
304 5 9
68 11 0
390 11 0
388 10 0
-114 15 -1
329 15 0
-357 4 -23
-245 1 -123
-203 2 -51
-206 7 -2
38 2 9
-396 4 -25
137 3 17
-311 11 -1
243 13 0
355 5 11
27 9 0
260 14 0
-153 3 -20
-461 4 -29
188 3 23
-193 4 -13
356 3 44
203 7 1
-48 11 -1
92 1 46
368 13 0
-133 2 -34
407 11 0
-481 13 -1
227 13 0
-318 4 -20
97 11 0
440 2 110
-309 8 -2
397 7 3
-320 14 -1
469 10 0
-472 14 -1
-184 5 -6
42 15 0
187 12 0
203 2 50
212 4 13
118 2 29
-222 12 -1
297 15 0
216 4 13
355 2 88
-418 2 -105
-230 9 -1
-400 6 -7
-56 7 -1
-474 4 -30
427 3 53
-133 8 -1
434 7 3
483 12 0
374 2 93
274 13 0
457 6 7
-302 12 -1
-480 14 -1
-308 8 -2
421 6 6
-86 13 -1
-442 7 -4
368 6 5
2 14 0
-271 5 -9
364 2 91
-413 5 -13
-290 14 -1
-210 11 -1
236 14 0
-407 6 -7
221 1 110
181 9 0
-429 11 -1
444 12 0
-162 2 -41
-447 13 -1
-382 9 -1
-105 1 -53
129 1 64
-278 4 -18
504 3 63
63 1 31
1 11 0
-84 10 -1
-203 11 -1
461 6 7
62 3 7
217 10 0
-218 11 -1
479 5 14
33 1 16
210 4 13
-508 13 -1
-358 8 -2
292 14 0
367 11 0
-66 4 -5
8 14 0
-9 7 -1
-143 13 -1
425 1 212
-310 8 -2
-326 2 -82
-42 8 -1
198 7 1
481 7 3
341 13 0
235 2 58
332 13 0
-460 8 -2
-80 10 -1
-353 5 -12
-347 13 -1
259 7 2
337 1 168
417 8 1
17 1 8
-130 3 -17
-150 5 -5
-206 13 -1
291 4 18
-296 4 -19
-291 3 -37
-198 2 -50
-6 8 -1
440 15 0
246 3 30
-397 1 -199
475 1 237
-309 15 -1
483 8 1
-244 3 -31
379 13 0
357 10 0
-475 6 -8
380 15 0
452 9 0
-235 9 -1
65 8 0
157 4 9
275 6 4
-194 8 -1
-344 9 -1
-161 14 -1
90 11 0
180 15 0
265 11 0
-45 15 -1
-239 12 -1
-83 11 -1
443 5 13
-191 5 -6
73 1 36
-204 4 -13
85 3 10
-157 15 -1
-365 10 -1
44 9 0
427 7 3
420 7 3
-98 10 -1
271 7 2
-91 11 -1
184 11 0
197 10 0
-400 1 -200
-341 12 -1
144 9 0
352 8 1
173 12 0
-124 9 -1
330 1 165
-161 12 -1
-289 11 -1
455 2 113
-185 6 -3
-263 5 -9
-511 2 -128
-405 14 -1
319 8 1
439 14 0
94 4 5
-14 9 -1
286 4 17
-100 6 -2
-447 4 -28
-264 10 -1
368 7 2
251 12 0
-16 12 -1
-268 8 -2
94 4 5
-16 4 -1
458 7 3
448 2 112
-407 10 -1
-181 1 -91
422 2 105
269 6 4
414 12 0
-34 7 -1
-406 11 -1
-73 14 -1
-171 1 -86
-6 9 -1
267 11 0
-235 1 -118
-171 12 -1
-175 5 -6
69 8 0
-430 2 -108
434 6 6
373 5 11
247 14 0
186 10 0
-445 5 -14
236 5 7
495 13 0
415 6 6
-129 15 -1
365 13 0
-295 3 -37
-163 7 -2
340 6 5
-290 7 -3
175 13 0
252 8 0
-413 15 -1
-157 1 -79
-70 2 -18
278 2 69
-160 4 -10
-409 15 -1
106 15 0
385 8 1
14 1 7
127 1 63
114 3 14
-433 10 -1
-251 8 -1
-217 7 -2
230 11 0
-238 3 -30
191 8 0
459 15 0
140 4 8
-389 12 -1
-334 2 -84
408 1 204
146 14 0
167 6 2
26 15 0
-329 1 -165
142 13 0
120 5 3
505 12 0
-74 11 -1
-193 5 -7
331 6 5
-492 1 -246
-176 1 -88
68 9 0
-354 4 -23
-391 4 -25
320 11 0
33 5 1
-509 11 -1
132 8 0
-452 11 -1
-403 10 -1
-13 10 -1
-461 3 -58
431 8 1
-399 7 -4
458 9 0
448 6 7
-44 7 -1
94 4 5
42 14 0
232 4 14
-9 6 -1
221 2 55
-431 3 -54
187 4 11
-347 8 -2
-78 7 -1
-182 3 -23
507 15 0
-1 9 -1
-271 7 -3
-315 11 -1
225 13 0
123 8 0
-264 14 -1
-249 13 -1
498 3 62
355 6 5
364 2 91
-290 9 -1
487 13 0
263 5 8
468 2 117
-109 8 -1
-230 13 -1
-407 11 -1
147 3 18
-283 5 -9
-180 9 -1
96 1 48
398 1 199
-465 11 -1
184 2 46
447 8 1
40 9 0
279 11 0
-259 3 -33
339 14 0
-190 12 -1
284 14 0
-170 4 -11
317 14 0
-490 3 -62
-364 7 -3
177 11 0
-83 14 -1
507 4 31
-249 3 -32
-108 13 -1
218 12 0
-287 6 -5
-221 10 -1
300 5 9
-465 3 -59
-235 14 -1
446 13 0
7 3 0
-461 12 -1
-167 6 -3
413 14 0
-363 6 -6
-88 8 -1
-183 11 -1
79 14 0
502 5 15
151 4 9
-52 9 -1
157 6 2
-45 6 -1
122 13 0
156 12 0
160 5 5
-344 7 -3
293 10 0
511 12 0
-161 10 -1
-438 7 -4
9 14 0
-34 12 -1
55 5 1
-82 12 -1
382 6 5
-250 3 -32
318 13 0
418 1 209
-11 8 -1
-498 6 -8
403 15 0
243 3 30
85 7 0
-146 15 -1
54 4 3
428 3 53
-283 4 -18
460 14 0
313 2 78
-117 2 -30
-218 1 -109
-110 4 -7
-339 1 -170
275 9 0
-408 1 -204
-4 14 -1
477 2 119
465 6 7
-126 8 -1
-421 7 -4
183 7 1
127 14 0
408 12 0
-293 1 -147
118 13 0
-200 15 -1
390 12 0
167 5 5
339 3 42
-226 4 -15
429 15 0
-388 7 -4
485 4 30
-311 13 -1
132 10 0
122 14 0
109 9 0
260 7 2
-407 4 -26
-342 11 -1
-189 4 -12
-455 11 -1
295 11 0
-111 5 -4
-31 7 -1
11 5 0
58 7 0
-468 5 -15
384 13 0
-94 1 -47
327 9 0
-231 11 -1
21 12 0
376 12 0
-66 12 -1
8 13 0
-396 3 -50
207 10 0
-115 8 -1
7 12 0
159 13 0
257 10 0
-128 10 -1
127 10 0
-504 8 -2
473 4 29
143 2 35
-115 2 -29
-64 9 -1
477 13 0
210 6 3
402 13 0
49 6 0
-165 7 -2
-207 15 -1
55 14 0
230 13 0
-182 13 -1
51 6 0
-99 2 -25
-14 14 -1
191 15 0
431 8 1
-497 2 -125
-475 7 -4
-359 3 -45
-317 5 -10
14 3 1
301 1 150
20 6 0
33 11 0
460 11 0
132 6 2
-511 2 -128
-267 8 -2
450 12 0
-510 13 -1
-159 7 -2
87 5 2
-360 3 -45
359 11 0
329 7 2
352 13 0
305 11 0
397 7 3
-2 2 -1
399 2 99
-153 14 -1
-148 10 -1
-249 2 -63
91 13 0
-294 15 -1
-233 1 -117
-150 14 -1
343 3 42
-50 15 -1
-103 15 -1
494 3 61
-125 2 -32
-358 4 -23
5 6 0
-447 2 -112
-140 3 -18
348 6 5
299 3 37
-39 10 -1
-52 15 -1
-416 1 -208
87 11 0
-158 14 -1
-309 9 -1
225 11 0
-27 3 -4
176 5 5
296 13 0
-84 14 -1
10 7 0
-260 14 -1
38 11 0
-378 14 -1
-100 13 -1
-238 2 -60
261 5 8
510 7 3
-343 1 -172
364 7 2
188 6 2
202 2 50
17 5 0
414 11 0
-456 11 -1
-400 4 -25
-286 8 -2
392 6 6
293 12 0
270 4 16
318 2 79
-406 9 -1
-298 3 -38
-479 5 -15
365 14 0
455 10 0
-488 11 -1
382 11 0
95 11 0
47 2 11
243 4 15
72 6 1
-340 5 -11
413 7 3
-435 14 -1
-133 9 -1
-387 13 -1
63 15 0
-407 4 -26
367 2 91
434 4 27
-34 3 -5
47 5 1
-500 3 -63
-280 14 -1
414 1 207
48 11 0
134 15 0
-236 4 -15
320 3 40
119 12 0
39 3 4
471 13 0
157 3 19
-203 14 -1
127 4 7
233 14 0
-465 3 -59
-26 8 -1
-301 6 -5
-466 12 -1
435 4 27
-349 2 -88
425 15 0
213 7 1
-44 8 -1
164 8 0
-210 14 -1
-278 5 -9
156 5 4
-152 11 -1
-35 6 -1
357 4 22
-188 7 -2
160 7 1
347 12 0
97 10 0
-455 4 -29
-463 9 -1
208 3 26
-65 10 -1
-89 1 -45
164 5 5
-325 5 -11
-267 14 -1
-51 8 -1
-120 8 -1
27 2 6
-63 14 -1
-435 8 -2
226 11 0
-471 2 -118
226 14 0
-16 14 -1
-190 7 -2
175 4 10
365 6 5
204 9 0
422 12 0
425 8 1
312 7 2
384 1 192
318 5 9
0 5 0
265 11 0
-149 9 -1
232 11 0
-394 2 -99
-290 14 -1
423 13 0
160 6 2
189 5 5
359 10 0
-208 4 -13
-254 1 -127
-183 1 -92
-63 1 -32
300 1 150
36 15 0
-212 3 -27
-362 6 -6
426 9 0
-57 6 -1
-446 12 -1
417 11 0
255 15 0
-78 13 -1
110 5 3
275 15 0
-196 13 -1
-510 3 -64
-143 11 -1
-311 13 -1
367 8 1
-512 5 -16
448 5 14
-458 4 -29
-213 3 -27
166 15 0
22 7 0
190 7 1
164 14 0
257 7 2
-7 13 -1
39 14 0
-471 1 -236
472 7 3
210 8 0
-73 6 -2
294 1 147
-472 15 -1
-146 14 -1
490 3 61
-229 15 -1
330 12 0
-354 12 -1
241 14 0
184 14 0
39 3 4
440 1 220
162 14 0
204 14 0
-45 11 -1
363 4 22
505 8 1
-21 1 -11
-496 2 -124
-443 1 -222
501 3 62
-354 2 -89
428 10 0
357 5 11
415 12 0
-441 15 -1
492 4 30
-89 8 -1
-477 12 -1
170 15 0
146 11 0
143 13 0
-263 8 -2
432 4 27
190 15 0
71 2 17
-8 13 -1
-271 8 -2
-74 7 -1
441 2 110
-468 1 -234
165 10 0
-300 2 -75
-215 13 -1
368 15 0
-123 1 -62
-148 6 -3
92 3 11
510 3 63
193 14 0
-121 3 -16
-300 10 -1
504 9 0
-56 12 -1
-60 5 -2
268 3 33
82 12 0
-133 13 -1
106 13 0
-313 10 -1
87 8 0
-369 5 -12
-99 12 -1
-62 14 -1
142 1 71
-466 5 -15
-443 1 -222
-48 12 -1
285 14 0
-138 10 -1
-282 2 -71
-459 5 -15
-64 4 -4
-198 5 -7
-313 4 -20
88 1 44
344 9 0
24 10 0
-511 13 -1
86 1 43
18 8 0
153 12 0
-250 13 -1
-201 1 -101
-347 8 -2
-380 5 -12
-162 8 -1
193 5 6
-237 3 -30
115 1 57
400 7 3
-323 5 -11
-79 15 -1
234 2 58
265 3 33
-37 5 -2
-258 7 -3
-158 14 -1
411 4 25
441 10 0
-391 13 -1
387 12 0
-276 5 -9
-197 9 -1
-318 14 -1
354 5 11
62 2 15
384 2 96
-150 14 -1
-233 5 -8
-163 8 -1
-238 3 -30
35 15 0
-149 15 -1
-143 6 -3
136 8 0
-512 13 -1
-56 8 -1
277 1 138
-436 15 -1
103 7 0
235 1 117
208 6 3
158 7 1
-172 13 -1
66 10 0
-151 6 -3
232 2 58
359 2 89
372 7 2
337 10 0
-112 15 -1
368 10 0
452 5 14
262 6 4
-419 4 -27
-132 11 -1
-444 1 -222
-14 9 -1
299 1 149
-491 10 -1
-55 8 -1
-218 14 -1
64 5 2
-161 15 -1
-355 10 -1
-468 8 -2
313 3 39
370 10 0
380 3 47
-85 15 -1
32 9 0
12 8 0
-395 7 -4
3 6 0
188 12 0
-335 7 -3
243 1 121
5 6 0
273 1 136
-396 10 -1
-492 6 -8
-75 8 -1
495 8 1
333 7 2
128 7 1
-481 11 -1
-484 11 -1
-394 10 -1
216 2 54
269 8 1
-368 14 -1
170 7 1
-231 2 -58
-147 14 -1
-242 1 -121
-41 15 -1
183 1 91
-106 1 -53
101 4 6
352 4 22
-208 1 -104
-501 11 -1
-353 5 -12
485 1 242
-317 1 -159
104 1 52
-388 11 -1
-57 3 -8
-138 11 -1
211 3 26
-511 12 -1
-316 3 -40
198 9 0
-43 5 -2
-357 11 -1
-236 3 -30
450 3 56
-66 12 -1
125 13 0
-243 15 -1
347 15 0
19 3 2
293 14 0
109 5 3
433 2 108
288 13 0
288 5 9
417 8 1
184 10 0
167 8 0
460 12 0
-259 6 -5
158 7 1
160 10 0
270 3 33
-467 3 -59
-88 1 -44
-312 7 -3
-321 9 -1
300 15 0
-14 5 -1
339 6 5
367 6 5
-10 10 -1
502 12 0
236 12 0
-418 5 -14
-272 14 -1
247 12 0
74 13 0
-224 6 -4
504 7 3
-155 9 -1
133 10 0
-154 15 -1
322 10 0
349 1 174
232 12 0
97 12 0
410 11 0
467 8 1
372 1 186
291 10 0
287 2 71
405 12 0
-486 7 -4
475 6 7
19 12 0
427 2 106
67 6 1
-21 9 -1
264 2 66
-451 11 -1
59 15 0
-406 6 -7
362 14 0
-486 15 -1
47 15 0
-103 2 -26
-224 9 -1
459 4 28
377 10 0
-468 12 -1
383 8 1
-173 14 -1
503 12 0
-35 4 -3
13 2 3
-77 1 -39
-409 4 -26
392 4 24
-177 9 -1
-433 11 -1
-66 8 -1
-490 14 -1
459 3 57
172 15 0
404 4 25
51 7 0
233 7 1
-449 15 -1
-9 15 -1
-148 1 -74
480 8 1
45 8 0
-191 4 -12
-340 8 -2
195 9 0
-50 15 -1
459 10 0
435 5 13
487 12 0
385 1 192
377 4 23
119 5 3
352 12 0
415 13 0
-408 11 -1
340 1 170
-212 13 -1
-80 8 -1
-173 4 -11
-147 12 -1
69 2 17
386 4 24
-282 5 -9
-120 9 -1
-34 15 -1
-298 6 -5
253 14 0
-509 3 -64
-174 10 -1
-98 1 -49
-162 3 -21
-170 15 -1
120 2 30
-206 1 -103
-121 1 -61
317 6 4
370 11 0
-262 14 -1
249 15 0
-11 7 -1
332 8 1
131 1 65
467 8 1
-312 11 -1
-347 15 -1
-249 14 -1
461 13 0
-161 12 -1
33 14 0
-346 2 -87
-386 6 -7
-459 11 -1
127 13 0
-388 15 -1
215 3 26
-220 2 -55
240 3 30
-67 6 -2
-140 4 -9
-461 6 -8
186 12 0
-142 1 -71
-23 14 -1
-298 15 -1
358 4 22
58 3 7
-373 8 -2
187 1 93
-478 4 -30
292 11 0
-450 13 -1
61 10 0
184 15 0
160 8 0
-442 6 -7
351 2 87
-147 11 -1
489 15 0
211 15 0
-160 5 -5
393 7 3
345 12 0
489 12 0
-376 3 -47
-232 15 -1
-415 11 -1
-127 12 -1
156 14 0
-346 2 -87
19 1 9
373 2 93
193 10 0
413 3 51
-230 13 -1
423 2 105
-51 10 -1
-266 14 -1
11 15 0
150 2 37
-37 5 -2
-201 8 -1
205 7 1
407 14 0
-402 4 -26
207 15 0
-505 10 -1
247 15 0
126 11 0
49 8 0
183 5 5
382 3 47
-33 14 -1
304 14 0
140 15 0
355 7 2
124 5 3
-472 2 -118
-463 13 -1
203 8 0
-379 5 -12
143 4 8
-366 10 -1
291 11 0
220 1 110
107 4 6
147 15 0
262 5 8
136 2 34
-25 2 -7
191 15 0
164 15 0
459 1 229
104 6 1
32 5 1
108 6 1
409 7 3
391 14 0
-390 7 -4
240 4 15
254 6 3
312 14 0
411 6 6
-440 9 -1
376 1 188
-302 6 -5
-19 14 -1
-70 11 -1
-328 2 -82
204 9 0
374 12 0
-298 5 -10
-17 7 -1
204 6 3
322 8 1
-479 4 -30
-355 12 -1
-169 7 -2
405 11 0
372 7 2
75 15 0
-105 11 -1
231 12 0
170 13 0
-336 6 -6
-131 6 -3
-411 2 -103
-336 3 -42
482 15 0
260 14 0
-459 5 -15
-353 15 -1
-431 11 -1
-332 1 -166
107 8 0
-385 9 -1
-82 14 -1
67 4 4
-106 4 -7
301 13 0
498 14 0
-86 13 -1
369 6 5
238 12 0
-464 1 -232
-419 11 -1
376 4 23
10 7 0
78 9 0
262 13 0
282 8 1
183 14 0
-229 10 -1
130 12 0
-199 7 -2
11 3 1
-466 12 -1
-319 11 -1
388 1 194
424 5 13
104 4 6
-293 8 -2
431 3 53
-7 15 -1
336 10 0
22 8 0
-484 3 -61
-23 1 -12
-73 8 -1
39 2 9
497 12 0
476 12 0
18 4 1
-388 11 -1
86 12 0
-407 12 -1
32 14 0
-389 9 -1
169 4 10
134 12 0
258 15 0
-397 12 -1
-204 5 -7
-448 7 -4
-501 5 -16
-217 13 -1
-501 2 -126
75 3 9
354 5 11
-280 11 -1
-61 8 -1
323 1 161
-341 8 -2
-330 10 -1
-69 1 -35
421 7 3
118 12 0
14 7 0
338 9 0
404 15 0
-95 3 -12
-294 1 -147
156 7 1
-28 6 -1
-37 14 -1
-419 9 -1
-431 15 -1
-233 5 -8
55 1 27
-306 6 -5
-58 4 -4
-307 5 -10
469 5 14
165 15 0
-471 13 -1
-255 8 -1
402 11 0
-12 12 -1
163 4 10
-361 15 -1
447 15 0
152 3 19
-456 2 -114
-143 1 -72
-153 3 -20
-86 5 -3
132 11 0
383 5 11
-288 1 -144
264 6 4
-418 5 -14
-32 3 -4
247 10 0
33 3 4
194 13 0
4 2 1
-57 11 -1
-402 4 -26
128 6 2
452 14 0
397 2 99
213 2 53
-137 13 -1
-207 11 -1
-397 4 -25
-113 8 -1
113 9 0
-459 7 -4
-13 13 -1
70 14 0
-343 10 -1
-8 9 -1
-39 11 -1
254 2 63
14 5 0
-81 8 -1
-308 8 -2
239 10 0
117 2 29
-7 13 -1
411 1 205
453 11 0
166 5 5
-470 3 -59
-375 8 -2
-89 12 -1
151 13 0
-426 5 -14
201 13 0
-122 9 -1
-443 7 -4
136 3 17
-164 1 -82
-107 3 -14
391 1 195
-281 5 -9
497 9 0
-452 3 -57
130 9 0
-85 12 -1
-108 15 -1
54 3 6
387 15 0
127 8 0
-275 4 -18
200 3 25
467 4 29
-113 12 -1
-501 11 -1
-400 6 -7
-467 12 -1
220 12 0
170 13 0
140 2 35
173 8 0
112 4 7
-410 13 -1
-263 10 -1
3 11 0
-12 9 -1
-98 1 -49
-343 5 -11
273 10 0
26 4 1
127 8 0
-46 11 -1
-273 2 -69
-450 10 -1
249 11 0
9 13 0
-473 15 -1
-89 7 -1
-177 1 -89
460 12 0
-393 6 -7
-294 10 -1
-66 11 -1
316 6 4
-109 6 -2
341 5 10
5 4 0
-231 13 -1
161 1 80
-501 15 -1
